[0.0,0.0,0.0,0.0,0.0,0.0,0.0,0.0,0.0,0.0,0.0,0.0,0.0,0.0,0.0,0.0,0.0,0.0,0.0,0.0,0.0,0.0,0.0,0.0,0.0,0.0,0.0,0.0,0.0,0.0,0.0,0.0,0.0,0.0,0.0,0.0,0.0,0.0,0.0,0.0,0.0,0.0,0.0,0.0,0.0,0.0,0.0,0.0,0.0,0.0,0.0,0.0,0.0,0.0,0.0,0.0,0.0,0.0,0.0,0.0,0.0,0.0,0.0,0.0,0.0,0.0,0.0,0.0,0.0,0.0,0.0,0.0,0.0,0.0,0.0,0.0,0.0,0.0,0.0,0.0,0.0,0.0,0.0,0.0,0.0,0.0,0.0,0.0,0.0,0.0,0.0,0.0,0.0,0.0,0.0,0.0,0.0,0.0,0.0,0.0,0.0,0.0,0.0,0.0,0.0,0.0,0.0,0.0,0.0,0.0,0.0,0.0,0.0,0.0,0.0,0.0,0.0,0.0,0.0,0.0,0.0,0.0,0.0,0.0,0.0,0.0,0.0,0.0]
[0.0,0.0,0.0,0.0,0.0,0.0,0.0,0.0,0.0,0.0,0.0,0.0,0.0,0.0,0.0,0.0,0.0,0.0,0.0,0.0,0.0,0.0,0.0,0.0,0.0,0.0,0.0,0.0,0.0,0.0,0.0,0.0,0.0,0.0,0.0,0.0,0.0,0.0,0.0,0.0,0.0,0.0,0.0,0.0,0.0,0.0,0.0,0.0,0.0,0.0,0.0,0.0,0.0,0.0,0.0,0.0,0.0,0.0,0.0,0.0,0.0,0.0,0.0,0.0,0.0,0.0,0.0,0.0,0.0,0.0,0.0,0.0,0.0,0.0,0.0,0.0,0.0,0.0,0.0,0.0,0.0,0.0,0.0,0.0,0.0,0.0,0.0,0.0,0.0,0.0,0.0,0.0,0.0,0.0,0.0,0.0,0.0,0.0,0.0,0.0,0.0,0.0,0.0,0.0,0.0,0.0,0.0,0.0,0.0,0.0,0.0,0.0,0.0,0.0,0.0,0.0,0.0,0.0,0.0,0.0,0.0,0.0,0.0,0.0,0.0,0.0,0.0,0.0]
[0.0,0.0,0.0,0.0,0.0,0.0,0.0,0.0,0.0,0.0,0.0,0.0,0.0,0.0,0.0,0.0,0.0,0.0,0.0,0.0,0.0,0.0,0.0,0.0,0.0,0.0,0.0,0.0,0.0,0.0,0.0,0.0,0.0,0.0,0.0,0.0,0.0,0.0,0.0,0.0,0.0,0.0,0.0,0.0,0.0,0.0,0.0,0.0,0.0,0.0,0.0,0.0,0.0,0.0,0.0,0.0,0.0,0.0,0.0,0.0,0.0,0.0,0.0,0.0,0.0,0.0,0.0,0.0,0.0,0.0,0.0,0.0,0.0,0.0,0.0,0.0,0.0,0.0,0.0,0.0,0.0,0.0,0.0,0.0,0.0,0.0,0.0,0.0,0.0,0.0,0.0,0.0,0.0,0.0,0.0,0.0,0.0,0.0,0.0,0.0,0.0,0.0,0.0,0.0,0.0,0.0,0.0,0.0,0.0,0.0,0.0,0.0,0.0,0.0,0.0,0.0,0.0,0.0,0.0,0.0,0.0,0.0,0.0,0.0,0.0,0.0,0.0,0.0]
[0.0,0.0,0.0,0.0,0.0,0.0,0.0,0.0,0.0,0.0,0.0,0.0,0.0,0.0,0.0,0.0,0.0,0.0,0.0,0.0,0.0,0.0,0.0,0.0,0.0,0.0,0.0,0.0,0.0,0.0,0.0,0.0,0.0,0.0,0.0,0.0,0.0,0.0,0.0,0.0,0.0,0.0,0.0,0.0,0.0,0.0,0.0,0.0,0.0,0.0,0.0,0.0,0.0,0.0,0.0,0.0,0.0,0.0,0.0,0.0,0.0,0.0,0.0,0.0,0.0,0.0,0.0,0.0,0.0,0.0,0.0,0.0,0.0,0.0,0.0,0.0,0.0,0.0,0.0,0.0,0.0,0.0,0.0,0.0,0.0,0.0,0.0,0.0,0.0,0.0,0.0,0.0,0.0,0.0,0.0,0.0,0.0,0.0,0.0,0.0,0.0,0.0,0.0,0.0,0.0,0.0,0.0,0.0,0.0,0.0,0.0,0.0,0.0,0.0,0.0,0.0,0.0,0.0,0.0,0.0,0.0,0.0,0.0,0.0,0.0,0.0,0.0,0.0]
[0.0,0.0,0.0,0.0,0.0,0.0,0.0,0.0,0.0,0.0,0.0,0.0,0.0,0.0,0.0,0.0,0.0,0.0,0.0,0.0,0.0,0.0,0.0,0.0,0.0,0.0,0.0,0.0,0.0,0.0,0.0,0.0,0.0,0.0,0.0,0.0,0.0,0.0,0.0,0.0,0.0,0.0,0.0,0.0,0.0,0.0,0.0,0.0,0.0,0.0,0.0,0.0,0.0,0.0,0.0,0.0,0.0,0.0,0.0,0.0,0.0,0.0,0.0,0.0,0.0,0.0,0.0,0.0,0.0,0.0,0.0,0.0,0.0,0.0,0.0,0.0,0.0,0.0,0.0,0.0,0.0,0.0,0.0,0.0,0.0,0.0,0.0,0.0,0.0,0.0,0.0,0.0,0.0,0.0,0.0,0.0,0.0,0.0,0.0,0.0,0.0,0.0,0.0,0.0,0.0,0.0,0.0,0.0,0.0,0.0,0.0,0.0,0.0,0.0,0.0,0.0,0.0,0.0,0.0,0.0,0.0,0.0,0.0,0.0,0.0,0.0,0.0,0.0]
[0.0,0.0,0.0,0.0,0.0,0.0,0.0,0.0,0.0,0.0,0.0,0.0,0.0,0.0,0.0,0.0,0.0,0.0,0.0,0.0,0.0,0.0,0.0,0.0,0.0,0.0,0.0,0.0,0.0,0.0,0.0,0.0,0.0,0.0,0.0,0.0,0.0,0.0,0.0,0.0,0.0,0.0,0.0,0.0,0.0,0.0,0.0,0.0,0.0,0.0,0.0,0.0,0.0,0.0,0.0,0.0,0.0,0.0,0.0,0.0,0.0,0.0,0.0,0.0,0.0,0.0,0.0,0.0,0.0,0.0,0.0,0.0,0.0,0.0,0.0,0.0,0.0,0.0,0.0,0.0,0.0,0.0,0.0,0.0,0.0,0.0,0.0,0.0,0.0,0.0,0.0,0.0,0.0,0.0,0.0,0.0,0.0,0.0,0.0,0.0,0.0,0.0,0.0,0.0,0.0,0.0,0.0,0.0,0.0,0.0,0.0,0.0,0.0,0.0,0.0,0.0,0.0,0.0,0.0,0.0,0.0,0.0,0.0,0.0,0.0,0.0,0.0,0.0]
[0.0,0.0,0.0,0.0,0.0,0.0,0.0,0.0,0.0,0.0,0.0,0.0,0.0,0.0,0.0,0.0,0.0,0.0,0.0,0.0,0.0,0.0,0.0,0.0,0.0,0.0,0.0,0.0,0.0,0.0,0.0,0.0,0.0,0.0,0.0,0.0,0.0,0.0,0.0,0.0,0.0,0.0,0.0,0.0,0.0,0.0,0.0,0.0,0.0,0.0,0.0,0.0,0.0,0.0,0.0,0.0,0.0,0.0,0.0,0.0,0.0,0.0,0.0,0.0,0.0,0.0,0.0,0.0,0.0,0.0,0.0,0.0,0.0,0.0,0.0,0.0,0.0,0.0,0.0,0.0,0.0,0.0,0.0,0.0,0.0,0.0,0.0,0.0,0.0,0.0,0.0,0.0,0.0,0.0,0.0,0.0,0.0,0.0,0.0,0.0,0.0,0.0,0.0,0.0,0.0,0.0,0.0,0.0,0.0,0.0,0.0,0.0,0.0,0.0,0.0,0.0,0.0,0.0,0.0,0.0,0.0,0.0,0.0,0.0,0.0,0.0,0.0,0.0]
[0.0,0.0,0.0,0.0,0.0,0.0,0.0,0.0,0.0,0.0,0.0,0.0,0.0,0.0,0.0,0.0,0.0,0.0,0.0,0.0,0.0,0.0,0.0,0.0,0.0,0.0,0.0,0.0,0.0,0.0,0.0,0.0,0.0,0.0,0.0,0.0,0.0,0.0,0.0,0.0,0.0,0.0,0.0,0.0,0.0,0.0,0.0,0.0,0.0,0.0,0.0,0.0,0.0,0.0,0.0,0.0,0.0,0.0,0.0,0.0,0.0,0.0,0.0,0.0,0.0,0.0,0.0,0.0,0.0,0.0,0.0,0.0,0.0,0.0,0.0,0.0,0.0,0.0,0.0,0.0,0.0,0.0,0.0,0.0,0.0,0.0,0.0,0.0,0.0,0.0,0.0,0.0,0.0,0.0,0.0,0.0,0.0,0.0,0.0,0.0,0.0,0.0,0.0,0.0,0.0,0.0,0.0,0.0,0.0,0.0,0.0,0.0,0.0,0.0,0.0,0.0,0.0,0.0,0.0,0.0,0.0,0.0,0.0,0.0,0.0,0.0,0.0,0.0]
[0.0,0.0,0.0,0.0,0.0,0.0,0.0,0.0,0.0,0.0,0.0,0.0,0.0,0.0,0.0,0.0,0.0,0.0,0.0,0.0,0.0,0.0,0.0,0.0,0.0,0.0,0.0,0.0,0.0,0.0,0.0,0.0,0.0,0.0,0.0,0.0,0.0,0.0,0.0,0.0,0.0,0.0,0.0,0.0,0.0,0.0,0.0,0.0,0.0,0.0,0.0,0.0,0.0,0.0,0.0,0.0,0.0,0.0,0.0,0.0,0.0,0.0,0.0,0.0,0.0,0.0,0.0,0.0,0.0,0.0,0.0,0.0,0.0,0.0,0.0,0.0,0.0,0.0,0.0,0.0,0.0,0.0,0.0,0.0,0.0,0.0,0.0,0.0,0.0,0.0,0.0,0.0,0.0,0.0,0.0,0.0,0.0,0.0,0.0,0.0,0.0,0.0,0.0,0.0,0.0,0.0,0.0,0.0,0.0,0.0,0.0,0.0,0.0,0.0,0.0,0.0,0.0,0.0,0.0,0.0,0.0,0.0,0.0,0.0,0.0,0.0,0.0,0.0]
[0.0,0.0,0.0,0.0,0.0,0.0,0.0,0.0,0.0,0.0,0.0,0.0,0.0,0.0,0.0,0.0,0.0,0.0,0.0,0.0,0.0,0.0,0.0,0.0,0.0,0.0,0.0,0.0,0.0,0.0,0.0,0.0,0.0,0.0,0.0,0.0,0.0,0.0,0.0,0.0,0.0,0.0,0.0,0.0,0.0,0.0,0.0,0.0,0.0,0.0,0.0,0.0,0.0,0.0,0.0,0.0,0.0,0.0,0.0,0.0,0.0,0.0,0.0,0.0,0.0,0.0,0.0,0.0,0.0,0.0,0.0,0.0,0.0,0.0,0.0,0.0,0.0,0.0,0.0,0.0,0.0,0.0,0.0,0.0,0.0,0.0,0.0,0.0,0.0,0.0,0.0,0.0,0.0,0.0,0.0,0.0,0.0,0.0,0.0,0.0,0.0,0.0,0.0,0.0,0.0,0.0,0.0,0.0,0.0,0.0,0.0,0.0,0.0,0.0,0.0,0.0,0.0,0.0,0.0,0.0,0.0,0.0,0.0,0.0,0.0,0.0,0.0,0.0]
[0.0,0.0,0.0,0.0,0.0,0.0,0.0,0.0,0.0,0.0,0.0,0.0,0.0,0.0,0.0,0.0,0.0,0.0,0.0,0.0,0.0,0.0,0.0,0.0,0.0,0.0,0.0,0.0,0.0,0.0,0.0,0.0,0.0,0.0,0.0,0.0,0.0,0.0,0.0,0.0,0.0,0.0,0.0,0.0,0.0,0.0,0.0,0.0,0.0,0.0,0.0,0.0,0.0,0.0,0.0,0.0,0.0,0.0,0.0,0.0,0.0,0.0,0.0,0.0,0.0,0.0,0.0,0.0,0.0,0.0,0.0,0.0,0.0,0.0,0.0,0.0,0.0,0.0,0.0,0.0,0.0,0.0,0.0,0.0,0.0,0.0,0.0,0.0,0.0,0.0,0.0,0.0,0.0,0.0,0.0,0.0,0.0,0.0,0.0,0.0,0.0,0.0,0.0,0.0,0.0,0.0,0.0,0.0,0.0,0.0,0.0,0.0,0.0,0.0,0.0,0.0,0.0,0.0,0.0,0.0,0.0,0.0,0.0,0.0,0.0,0.0,0.0,0.0]
[0.0,0.0,0.0,0.0,0.0,0.0,0.0,0.0,0.0,0.0,0.0,0.0,0.0,0.0,0.0,0.0,0.0,0.0,0.0,0.0,0.0,0.0,0.0,0.0,0.0,0.0,0.0,0.0,0.0,0.0,0.0,0.0,0.0,0.0,0.0,0.0,0.0,0.0,0.0,0.0,0.0,0.0,0.0,0.0,0.0,0.0,0.0,0.0,0.0,0.0,0.0,0.0,0.0,0.0,0.0,0.0,0.0,0.0,0.0,0.0,0.0,0.0,0.0,0.0,0.0,0.0,0.0,0.0,0.0,0.0,0.0,0.0,0.0,0.0,0.0,0.0,0.0,0.0,0.0,0.0,0.0,0.0,0.0,0.0,0.0,0.0,0.0,0.0,0.0,0.0,0.0,0.0,0.0,0.0,0.0,0.0,0.0,0.0,0.0,0.0,0.0,0.0,0.0,0.0,0.0,0.0,0.0,0.0,0.0,0.0,0.0,0.0,0.0,0.0,0.0,0.0,0.0,0.0,0.0,0.0,0.0,0.0,0.0,0.0,0.0,0.0,0.0,0.0]
[0.0,0.0,0.0,0.0,0.0,0.0,0.0,0.0,0.0,0.0,0.0,0.0,0.0,0.0,0.0,0.0,0.0,0.0,0.0,0.0,0.0,0.0,0.0,0.0,0.0,0.0,0.0,0.0,0.0,0.0,0.0,0.0,0.0,0.0,0.0,0.0,0.0,0.0,0.0,0.0,0.0,0.0,0.0,0.0,0.0,0.0,0.0,0.0,0.0,0.0,0.0,0.0,0.0,0.0,0.0,0.0,0.0,0.0,0.0,0.0,0.0,0.0,0.0,0.0,0.0,0.0,0.0,0.0,0.0,0.0,0.0,0.0,0.0,0.0,0.0,0.0,0.0,0.0,0.0,0.0,0.0,0.0,0.0,0.0,0.0,0.0,0.0,0.0,0.0,0.0,0.0,0.0,0.0,0.0,0.0,0.0,0.0,0.0,0.0,0.0,0.0,0.0,0.0,0.0,0.0,0.0,0.0,0.0,0.0,0.0,0.0,0.0,0.0,0.0,0.0,0.0,0.0,0.0,0.0,0.0,0.0,0.0,0.0,0.0,0.0,0.0,0.0,0.0]
[0.0,0.0,0.0,0.0,0.0,0.0,0.0,0.0,0.0,0.0,0.0,0.0,0.0,0.0,0.0,0.0,0.0,0.0,0.0,0.0,0.0,0.0,0.0,0.0,0.0,0.0,0.0,0.0,0.0,0.0,0.0,0.0,0.0,0.0,0.0,0.0,0.0,0.0,0.0,0.0,0.0,0.0,0.0,0.0,0.0,0.0,0.0,0.0,0.0,0.0,0.0,0.0,0.0,0.0,0.0,0.0,0.0,0.0,0.0,0.0,0.0,0.0,0.0,0.0,0.0,0.0,0.0,0.0,0.0,0.0,0.0,0.0,0.0,0.0,0.0,0.0,0.0,0.0,0.0,0.0,0.0,0.0,0.0,0.0,0.0,0.0,0.0,0.0,0.0,0.0,0.0,0.0,0.0,0.0,0.0,0.0,0.0,0.0,0.0,0.0,0.0,0.0,0.0,0.0,0.0,0.0,0.0,0.0,0.0,0.0,0.0,0.0,0.0,0.0,0.0,0.0,0.0,0.0,0.0,0.0,0.0,0.0,0.0,0.0,0.0,0.0,0.0,0.0]
[0.0,0.0,0.0,0.0,0.0,0.0,0.0,0.0,0.0,0.0,0.0,0.0,0.0,0.0,0.0,0.0,0.0,0.0,0.0,0.0,0.0,0.0,0.0,0.0,0.0,0.0,0.0,0.0,0.0,0.0,0.0,0.0,0.0,0.0,0.0,0.0,0.0,0.0,0.0,0.0,0.0,0.0,0.0,0.0,0.0,0.0,0.0,0.0,0.0,0.0,0.0,0.0,0.0,0.0,0.0,0.0,0.0,0.0,0.0,0.0,0.0,0.0,0.0,0.0,0.0,0.0,0.0,0.0,0.0,0.0,0.0,0.0,0.0,0.0,0.0,0.0,0.0,0.0,0.0,0.0,0.0,0.0,0.0,0.0,0.0,0.0,0.0,0.0,0.0,0.0,0.0,0.0,0.0,0.0,0.0,0.0,0.0,0.0,0.0,0.0,0.0,0.0,0.0,0.0,0.0,0.0,0.0,0.0,0.0,0.0,0.0,0.0,0.0,0.0,0.0,0.0,0.0,0.0,0.0,0.0,0.0,0.0,0.0,0.0,0.0,0.0,0.0,0.0]
[0.0,0.0,0.0,0.0,0.0,0.0,0.0,0.0,0.0,0.0,0.0,0.0,0.0,0.0,0.0,0.0,0.0,0.0,0.0,0.0,0.0,0.0,0.0,0.0,0.0,0.0,0.0,0.0,0.0,0.0,0.0,0.0,0.0,0.0,0.0,0.0,0.0,0.0,0.0,0.0,0.0,0.0,0.0,0.0,0.0,0.0,0.0,0.0,0.0,0.0,0.0,0.0,0.0,0.0,0.0,0.0,0.0,0.0,0.0,0.0,0.0,0.0,0.0,0.0,0.0,0.0,0.0,0.0,0.0,0.0,0.0,0.0,0.0,0.0,0.0,0.0,0.0,0.0,0.0,0.0,0.0,0.0,0.0,0.0,0.0,0.0,0.0,0.0,0.0,0.0,0.0,0.0,0.0,0.0,0.0,0.0,0.0,0.0,0.0,0.0,0.0,0.0,0.0,0.0,0.0,0.0,0.0,0.0,0.0,0.0,0.0,0.0,0.0,0.0,0.0,0.0,0.0,0.0,0.0,0.0,0.0,0.0,0.0,0.0,0.0,0.0,0.0,0.0]
[0.0,0.0,0.0,0.0,0.0,0.0,0.0,0.0,0.0,0.0,0.0,0.0,0.0,0.0,0.0,0.0,0.0,0.0,0.0,0.0,0.0,0.0,0.0,0.0,0.0,0.0,0.0,0.0,0.0,0.0,0.0,0.0,0.0,0.0,0.0,0.0,0.0,0.0,0.0,0.0,0.0,0.0,0.0,0.0,0.0,0.0,0.0,0.0,0.0,0.0,0.0,0.0,0.0,0.0,0.0,0.0,0.0,0.0,0.0,0.0,0.0,0.0,0.0,0.0,0.0,0.0,0.0,0.0,0.0,0.0,0.0,0.0,0.0,0.0,0.0,0.0,0.0,0.0,0.0,0.0,0.0,0.0,0.0,0.0,0.0,0.0,0.0,0.0,0.0,0.0,0.0,0.0,0.0,0.0,0.0,0.0,0.0,0.0,0.0,0.0,0.0,0.0,0.0,0.0,0.0,0.0,0.0,0.0,0.0,0.0,0.0,0.0,0.0,0.0,0.0,0.0,0.0,0.0,0.0,0.0,0.0,0.0,0.0,0.0,0.0,0.0,0.0,0.0]
[0.0,0.0,0.0,0.0,0.0,0.0,0.0,0.0,0.0,0.0,0.0,0.0,0.0,0.0,0.0,0.0,0.0,0.0,0.0,0.0,0.0,0.0,0.0,0.0,0.0,0.0,0.0,0.0,0.0,0.0,0.0,0.0,0.0,0.0,0.0,0.0,0.0,0.0,0.0,0.0,0.0,0.0,0.0,0.0,0.0,0.0,0.0,0.0,0.0,0.0,0.0,0.0,0.0,0.0,0.0,0.0,0.0,0.0,0.0,0.0,0.0,0.0,0.0,0.0,0.0,0.0,0.0,0.0,0.0,0.0,0.0,0.0,0.0,0.0,0.0,0.0,0.0,0.0,0.0,0.0,0.0,0.0,0.0,0.0,0.0,0.0,0.0,0.0,0.0,0.0,0.0,0.0,0.0,0.0,0.0,0.0,0.0,0.0,0.0,0.0,0.0,0.0,0.0,0.0,0.0,0.0,0.0,0.0,0.0,0.0,0.0,0.0,0.0,0.0,0.0,0.0,0.0,0.0,0.0,0.0,0.0,0.0,0.0,0.0,0.0,0.0,0.0,0.0]
[0.0,0.0,0.0,0.0,0.0,0.0,0.0,0.0,0.0,0.0,0.0,0.0,0.0,0.0,0.0,0.0,0.0,0.0,0.0,0.0,0.0,0.0,0.0,0.0,0.0,0.0,0.0,0.0,0.0,0.0,0.0,0.0,0.0,0.0,0.0,0.0,0.0,0.0,0.0,0.0,0.0,0.0,0.0,0.0,0.0,0.0,0.0,0.0,0.0,0.0,0.0,0.0,0.0,0.0,0.0,0.0,0.0,0.0,0.0,0.0,0.0,0.0,0.0,0.0,0.0,0.0,0.0,0.0,0.0,0.0,0.0,0.0,0.0,0.0,0.0,0.0,0.0,0.0,0.0,0.0,0.0,0.0,0.0,0.0,0.0,0.0,0.0,0.0,0.0,0.0,0.0,0.0,0.0,0.0,0.0,0.0,0.0,0.0,0.0,0.0,0.0,0.0,0.0,0.0,0.0,0.0,0.0,0.0,0.0,0.0,0.0,0.0,0.0,0.0,0.0,0.0,0.0,0.0,0.0,0.0,0.0,0.0,0.0,0.0,0.0,0.0,0.0,0.0]
[0.0,0.0,0.0,0.0,0.0,0.0,0.0,0.0,0.0,0.0,0.0,0.0,0.0,0.0,0.0,0.0,0.0,0.0,0.0,0.0,0.0,0.0,0.0,0.0,0.0,0.0,0.0,0.0,0.0,0.0,0.0,0.0,0.0,0.0,0.0,0.0,0.0,0.0,0.0,0.0,0.0,0.0,0.0,0.0,0.0,0.0,0.0,0.0,0.0,0.0,0.0,0.0,0.0,0.0,0.0,0.0,0.0,0.0,0.0,0.0,0.0,0.0,0.0,0.0,0.0,0.0,0.0,0.0,0.0,0.0,0.0,0.0,0.0,0.0,0.0,0.0,0.0,0.0,0.0,0.0,0.0,0.0,0.0,0.0,0.0,0.0,0.0,0.0,0.0,0.0,0.0,0.0,0.0,0.0,0.0,0.0,0.0,0.0,0.0,0.0,0.0,0.0,0.0,0.0,0.0,0.0,0.0,0.0,0.0,0.0,0.0,0.0,0.0,0.0,0.0,0.0,0.0,0.0,0.0,0.0,0.0,0.0,0.0,0.0,0.0,0.0,0.0,0.0]
[0.0,0.0,0.0,0.0,0.0,0.0,0.0,0.0,0.0,0.0,0.0,0.0,0.0,0.0,0.0,0.0,0.0,0.0,0.0,0.0,0.0,0.0,0.0,0.0,0.0,0.0,0.0,0.0,0.0,0.0,0.0,0.0,0.0,0.0,0.0,0.0,0.0,0.0,0.0,0.0,0.0,0.0,0.0,0.0,0.0,0.0,0.0,0.0,0.0,0.0,0.0,0.0,0.0,0.0,0.0,0.0,0.0,0.0,0.0,0.0,0.0,0.0,0.0,0.0,0.0,0.0,0.0,0.0,0.0,0.0,0.0,0.0,0.0,0.0,0.0,0.0,0.0,0.0,0.0,0.0,0.0,0.0,0.0,0.0,0.0,0.0,0.0,0.0,0.0,0.0,0.0,0.0,0.0,0.0,0.0,0.0,0.0,0.0,0.0,0.0,0.0,0.0,0.0,0.0,0.0,0.0,0.0,0.0,0.0,0.0,0.0,0.0,0.0,0.0,0.0,0.0,0.0,0.0,0.0,0.0,0.0,0.0,0.0,0.0,0.0,0.0,0.0,0.0]
[0.0,0.0,0.0,0.0,0.0,0.0,0.0,0.0,0.0,0.0,0.0,0.0,0.0,0.0,0.0,0.0,0.0,0.0,0.0,0.0,0.0,0.0,0.0,0.0,0.0,0.0,0.0,0.0,0.0,0.0,0.0,0.0,0.0,0.0,0.0,0.0,0.0,0.0,0.0,0.0,0.0,0.0,0.0,0.0,0.0,0.0,0.0,0.0,0.0,0.0,0.0,0.0,0.0,0.0,0.0,0.0,0.0,0.0,0.0,0.0,0.0,0.0,0.0,0.0,0.0,0.0,0.0,0.0,0.0,0.0,0.0,0.0,0.0,0.0,0.0,0.0,0.0,0.0,0.0,0.0,0.0,0.0,0.0,0.0,0.0,0.0,0.0,0.0,0.0,0.0,0.0,0.0,0.0,0.0,0.0,0.0,0.0,0.0,0.0,0.0,0.0,0.0,0.0,0.0,0.0,0.0,0.0,0.0,0.0,0.0,0.0,0.0,0.0,0.0,0.0,0.0,0.0,0.0,0.0,0.0,0.0,0.0,0.0,0.0,0.0,0.0,0.0,0.0]
[0.0,0.0,0.0,0.0,0.0,0.0,0.0,0.0,0.0,0.0,0.0,0.0,0.0,0.0,0.0,0.0,0.0,0.0,0.0,0.0,0.0,0.0,0.0,0.0,0.0,0.0,0.0,0.0,0.0,0.0,0.0,0.0,0.0,0.0,0.0,0.0,0.0,0.0,0.0,0.0,0.0,0.0,0.0,0.0,0.0,0.0,0.0,0.0,0.0,0.0,0.0,0.0,0.0,0.0,0.0,0.0,0.0,0.0,0.0,0.0,0.0,0.0,0.0,0.0,0.0,0.0,0.0,0.0,0.0,0.0,0.0,0.0,0.0,0.0,0.0,0.0,0.0,0.0,0.0,0.0,0.0,0.0,0.0,0.0,0.0,0.0,0.0,0.0,0.0,0.0,0.0,0.0,0.0,0.0,0.0,0.0,0.0,0.0,0.0,0.0,0.0,0.0,0.0,0.0,0.0,0.0,0.0,0.0,0.0,0.0,0.0,0.0,0.0,0.0,0.0,0.0,0.0,0.0,0.0,0.0,0.0,0.0,0.0,0.0,0.0,0.0,0.0,0.0]
[0.0,0.0,0.0,0.0,0.0,0.0,0.0,0.0,0.0,0.0,0.0,0.0,0.0,0.0,0.0,0.0,0.0,0.0,0.0,0.0,0.0,0.0,0.0,0.25,0.0,0.0,0.0,0.0,0.0,0.0,0.0,0.0,0.0,0.0,0.0,0.75,0.0,0.0,0.0,0.0,0.0,0.0,0.0,0.0,0.0,0.0,0.0,0.0,0.0,0.0,0.0,0.0,0.0,0.0,0.0,0.0,0.0,0.0,0.0,0.0,0.0,0.0,0.0,0.0,0.0,0.0,0.0,0.0,0.0,0.0,0.0,0.0,0.0,0.0,0.0,0.0,0.0,0.0,0.0,0.0,0.0,0.0,0.0,0.0,0.0,0.0,0.0,0.0,0.0,0.0,0.0,0.0,0.0,0.0,0.0,0.0,0.0,0.0,0.0,0.0,0.0,0.0,0.0,0.0,0.0,0.0,0.0,0.0,0.0,0.0,0.0,0.0,0.0,0.0,0.0,0.0,0.0,0.0,0.0,0.0,0.0,0.0,0.0,0.0,0.0,0.0,0.0,0.0]
[0.0,0.0,0.0,0.0,0.0,0.0,0.0,0.0,0.0,0.0,0.0,0.0,0.0,0.0,0.0,0.0,0.0,0.0,0.0,0.0,0.0,0.0,0.0,0.0,0.0,0.0,0.0,0.0,0.0,0.0,0.0,0.0,0.125,0.0,0.0,0.125,0.125,0.0,0.0,0.125,0.125,0.0,0.0,0.0,0.0,0.0,0.0,0.0,0.125,0.0,0.0,0.0,0.0,0.0,0.0,0.0,0.0,0.0,0.0,0.0,0.0,0.0,0.0,0.0,0.0,0.0,0.0,0.0,0.0,0.0,0.0,0.0,0.0,0.125,0.0,0.0,0.125,0.0,0.0,0.0,0.0,0.0,0.0,0.0,0.0,0.0,0.0,0.0,0.0,0.0,0.0,0.0,0.0,0.0,0.0,0.0,0.0,0.0,0.0,0.0,0.0,0.0,0.0,0.0,0.0,0.0,0.0,0.0,0.0,0.0,0.0,0.0,0.0,0.0,0.0,0.0,0.0,0.0,0.0,0.0,0.0,0.0,0.0,0.0,0.0,0.0,0.0,0.0]
[0.0,0.0,0.0,0.0,0.0,0.0,0.0,0.0,0.0,0.0,0.0,0.0,0.0,0.0,0.0,0.0,0.0,0.0,0.0,0.0,0.0,0.0,0.0,0.0,0.0,0.0,0.0,0.0,0.0,0.0,0.0,0.0,0.0,0.0,0.0,0.25,0.0,0.5,0.0,0.0,0.0,0.0,0.0,0.0,0.0,0.0,0.0,0.0,0.0,0.25,0.0,0.0,0.0,0.0,0.0,0.0,0.0,0.0,0.0,0.0,0.0,0.0,0.0,0.0,0.0,0.0,0.0,0.0,0.0,0.0,0.0,0.0,0.0,0.0,0.0,0.0,0.0,0.0,0.0,0.0,0.0,0.0,0.0,0.0,0.0,0.0,0.0,0.0,0.0,0.0,0.0,0.0,0.0,0.0,0.0,0.0,0.0,0.0,0.0,0.0,0.0,0.0,0.0,0.0,0.0,0.0,0.0,0.0,0.0,0.0,0.0,0.0,0.0,0.0,0.0,0.0,0.0,0.0,0.0,0.0,0.0,0.0,0.0,0.0,0.0,0.0,0.0,0.0]
[0.0,0.0,0.0,0.0,0.0,0.0,0.0,0.0,0.0,0.0,0.0,0.0,0.0,0.0,0.0,0.0,0.0,0.0,0.0,0.0,0.0,0.0,0.0,0.0,0.0,0.16666667,0.0,0.0,0.0,0.0,0.0,0.0,0.0,0.0,0.0,0.0,0.0,0.0,0.5,0.0,0.0,0.0,0.0,0.0,0.0,0.0,0.0,0.0,0.0,0.0,0.33333334,0.0,0.0,0.0,0.0,0.0,0.0,0.0,0.0,0.0,0.0,0.0,0.0,0.0,0.0,0.0,0.0,0.0,0.0,0.0,0.0,0.0,0.0,0.0,0.0,0.0,0.0,0.0,0.0,0.0,0.0,0.0,0.0,0.0,0.0,0.0,0.0,0.0,0.0,0.0,0.0,0.0,0.0,0.0,0.0,0.0,0.0,0.0,0.0,0.0,0.0,0.0,0.0,0.0,0.0,0.0,0.0,0.0,0.0,0.0,0.0,0.0,0.0,0.0,0.0,0.0,0.0,0.0,0.0,0.0,0.0,0.0,0.0,0.0,0.0,0.0,0.0,0.0]
[0.0,0.0,0.0,0.0,0.0,0.0,0.0,0.0,0.0,0.0,0.0,0.0,0.0,0.0,0.0,0.0,0.0,0.0,0.0,0.0,0.0,0.0,0.0,0.0,0.0,0.0,0.0,0.0,0.0,0.0,0.0,0.0,0.0,0.0,0.0,0.0,0.0,0.0,0.0,0.0,0.0,0.0,0.0,0.0,0.0,0.0,0.0,0.0,0.0,0.0,0.0,0.0,0.0,0.0,0.0,0.0,0.0,0.0,0.0,0.0,0.0,0.0,0.0,0.0,0.0,0.0,0.0,0.0,0.0,0.0,0.0,0.0,0.0,0.0,0.5,0.0,0.0,0.0,0.0,0.0,0.5,0.0,0.0,0.0,0.0,0.0,0.0,0.0,0.0,0.0,0.0,0.0,0.0,0.0,0.0,0.0,0.0,0.0,0.0,0.0,0.0,0.0,0.0,0.0,0.0,0.0,0.0,0.0,0.0,0.0,0.0,0.0,0.0,0.0,0.0,0.0,0.0,0.0,0.0,0.0,0.0,0.0,0.0,0.0,0.0,0.0,0.0,0.0]
[0.0,0.0,0.0,0.0,0.0,0.0,0.0,0.0,0.0,0.0,0.0,0.0,0.0,0.0,0.0,0.0,0.0,0.0,0.0,0.0,0.0,0.0,0.0,0.0,0.0,0.0,0.02,0.0,0.14,0.0,0.0,0.0,0.0,0.0,0.0,0.04,0.06,0.0,0.0,0.02,0.24,0.0,0.0,0.0,0.0,0.0,0.0,0.02,0.0,0.0,0.02,0.0,0.04,0.0,0.0,0.0,0.0,0.02,0.0,0.0,0.0,0.0,0.0,0.0,0.02,0.0,0.0,0.0,0.04,0.0,0.0,0.04,0.0,0.0,0.0,0.0,0.0,0.0,0.02,0.0,0.08,0.0,0.0,0.04,0.0,0.0,0.0,0.0,0.1,0.0,0.0,0.0,0.0,0.0,0.0,0.04,0.0,0.0,0.0,0.0,0.0,0.0,0.0,0.0,0.0,0.0,0.0,0.0,0.0,0.0,0.0,0.0,0.0,0.0,0.0,0.0,0.0,0.0,0.0,0.0,0.0,0.0,0.0,0.0,0.0,0.0,0.0,0.0]
[0.0,0.0,0.0,0.0,0.0,0.0,0.0,0.0,0.0,0.0,0.0,0.0,0.0,0.0,0.0,0.0,0.0,0.0,0.0,0.0,0.0,0.0,0.0,0.0,0.0,0.0,0.0,0.0,0.0,0.2,0.1,0.0,0.1,0.0,0.0,0.0,0.1,0.0,0.0,0.0,0.0,0.1,0.0,0.0,0.0,0.0,0.0,0.0,0.2,0.0,0.0,0.0,0.0,0.2,0.0,0.0,0.0,0.0,0.0,0.0,0.0,0.0,0.0,0.0,0.0,0.0,0.0,0.0,0.0,0.0,0.0,0.0,0.0,0.0,0.0,0.0,0.0,0.0,0.0,0.0,0.0,0.0,0.0,0.0,0.0,0.0,0.0,0.0,0.0,0.0,0.0,0.0,0.0,0.0,0.0,0.0,0.0,0.0,0.0,0.0,0.0,0.0,0.0,0.0,0.0,0.0,0.0,0.0,0.0,0.0,0.0,0.0,0.0,0.0,0.0,0.0,0.0,0.0,0.0,0.0,0.0,0.0,0.0,0.0,0.0,0.0,0.0,0.0]
[0.0,0.0,0.0,0.0,0.0,0.0,0.0,0.0,0.0,0.0,0.0,0.0,0.0,0.0,0.0,0.0,0.0,0.0,0.0,0.0,0.0,0.0,0.0,0.0,0.0,0.0,0.0,0.0,0.11111111,0.055555556,0.055555556,0.0,0.0,0.0,0.0,0.0,0.0,0.055555556,0.0,0.0,0.0,0.0,0.6666667,0.0,0.0,0.0,0.0,0.0,0.0,0.0,0.0,0.0,0.0,0.0,0.055555556,0.0,0.0,0.0,0.0,0.0,0.0,0.0,0.0,0.0,0.0,0.0,0.0,0.0,0.0,0.0,0.0,0.0,0.0,0.0,0.0,0.0,0.0,0.0,0.0,0.0,0.0,0.0,0.0,0.0,0.0,0.0,0.0,0.0,0.0,0.0,0.0,0.0,0.0,0.0,0.0,0.0,0.0,0.0,0.0,0.0,0.0,0.0,0.0,0.0,0.0,0.0,0.0,0.0,0.0,0.0,0.0,0.0,0.0,0.0,0.0,0.0,0.0,0.0,0.0,0.0,0.0,0.0,0.0,0.0,0.0,0.0,0.0,0.0]
[0.0,0.0,0.0,0.0,0.0,0.0,0.0,0.0,0.0,0.0,0.0,0.0,0.0,0.0,0.0,0.0,0.0,0.0,0.0,0.0,0.0,0.0,0.0,0.0,0.0,0.0,0.0,0.0,0.0,0.0,0.0,0.20833333,0.041666668,0.041666668,0.0,0.0,0.0,0.041666668,0.0,0.041666668,0.0,0.0,0.0,0.41666666,0.0,0.0,0.0,0.0,0.0,0.0,0.0,0.0,0.0,0.0,0.0,0.041666668,0.041666668,0.0,0.0,0.041666668,0.0,0.0,0.041666668,0.0,0.0,0.0,0.041666668,0.0,0.0,0.0,0.0,0.0,0.0,0.0,0.0,0.0,0.0,0.0,0.0,0.0,0.0,0.0,0.0,0.0,0.0,0.0,0.0,0.0,0.0,0.0,0.0,0.0,0.0,0.0,0.0,0.0,0.0,0.0,0.0,0.0,0.0,0.0,0.0,0.0,0.0,0.0,0.0,0.0,0.0,0.0,0.0,0.0,0.0,0.0,0.0,0.0,0.0,0.0,0.0,0.0,0.0,0.0,0.0,0.0,0.0,0.0,0.0,0.0]
[0.0,0.0,0.0,0.0,0.0,0.0,0.0,0.0,0.0,0.0,0.0,0.0,0.0,0.0,0.0,0.0,0.0,0.0,0.0,0.0,0.0,0.0,0.0,0.0,0.0,0.0,0.0,0.0,0.0,0.0,0.02631579,0.05263158,0.05263158,0.02631579,0.0,0.05263158,0.05263158,0.0,0.0,0.0,0.0,0.0,0.0,0.0,0.31578946,0.02631579,0.0,0.0,0.05263158,0.02631579,0.0,0.0,0.0,0.0,0.0,0.0,0.02631579,0.0,0.0,0.0,0.0,0.0,0.0,0.0,0.0,0.10526316,0.0,0.0,0.0,0.02631579,0.0,0.0,0.02631579,0.0,0.0,0.0,0.05263158,0.0,0.0,0.0,0.02631579,0.0,0.02631579,0.0,0.0,0.0,0.0,0.0,0.0,0.0,0.0,0.0,0.0,0.0,0.0,0.0,0.0,0.02631579,0.0,0.0,0.0,0.0,0.0,0.0,0.0,0.0,0.0,0.0,0.0,0.0,0.0,0.0,0.0,0.0,0.0,0.0,0.0,0.0,0.0,0.0,0.0,0.0,0.0,0.0,0.0,0.0,0.0,0.0]
[0.0,0.0,0.0,0.0,0.0,0.0,0.0,0.0,0.0,0.0,0.0,0.0,0.0,0.0,0.0,0.0,0.0,0.0,0.0,0.0,0.0,0.0,0.0,0.0,0.0,0.0,0.0,0.0,0.0,0.0,0.0,0.0625,0.0625,0.1875,0.0,0.0,0.0625,0.0,0.0,0.0,0.0,0.0,0.0,0.0,0.0,0.25,0.0,0.0,0.0,0.0,0.0,0.0,0.0625,0.0,0.0,0.0,0.0625,0.0625,0.0,0.0,0.0,0.0,0.0,0.0,0.0,0.0,0.0,0.0625,0.0,0.0,0.0,0.0,0.0,0.0,0.0,0.0,0.0625,0.0,0.0,0.0,0.0,0.0,0.0,0.0,0.0625,0.0,0.0,0.0,0.0,0.0,0.0,0.0,0.0,0.0,0.0,0.0,0.0,0.0,0.0,0.0,0.0,0.0,0.0,0.0,0.0,0.0,0.0,0.0,0.0,0.0,0.0,0.0,0.0,0.0,0.0,0.0,0.0,0.0,0.0,0.0,0.0,0.0,0.0,0.0,0.0,0.0,0.0,0.0]
[0.0,0.0,0.0,0.0,0.0,0.0,0.0,0.0,0.0,0.0,0.0,0.0,0.0,0.0,0.0,0.0,0.0,0.0,0.0,0.0,0.0,0.0,0.0,0.0,0.0,0.0,0.0,0.0,0.0,0.0,0.0,0.0,0.0,0.015625,0.09375,0.0,0.0,0.0,0.0,0.0,0.0,0.078125,0.0,0.0,0.03125,0.0,0.34375,0.0,0.0,0.0,0.0,0.0,0.0,0.03125,0.0,0.0625,0.09375,0.0,0.125,0.0,0.0,0.0,0.0,0.0625,0.0,0.0,0.0,0.0,0.0,0.0,0.0,0.0,0.0,0.0,0.0,0.0625,0.0,0.0,0.0,0.0,0.0,0.0,0.0,0.0,0.0,0.0,0.0,0.0,0.0,0.0,0.0,0.0,0.0,0.0,0.0,0.0,0.0,0.0,0.0,0.0,0.0,0.0,0.0,0.0,0.0,0.0,0.0,0.0,0.0,0.0,0.0,0.0,0.0,0.0,0.0,0.0,0.0,0.0,0.0,0.0,0.0,0.0,0.0,0.0,0.0,0.0,0.0,0.0]
[0.0,0.0,0.0,0.0,0.0,0.0,0.0,0.0,0.0,0.0,0.0,0.0,0.0,0.0,0.0,0.0,0.0,0.0,0.0,0.0,0.0,0.0,0.0,0.0,0.0,0.017857144,0.0,0.0,0.0,0.017857144,0.0,0.0,0.0,0.017857144,0.017857144,0.10714286,0.0,0.0,0.0,0.017857144,0.071428575,0.017857144,0.05357143,0.0,0.05357143,0.0,0.0,0.26785713,0.0,0.0,0.0,0.0,0.0,0.0,0.035714287,0.0,0.0,0.017857144,0.0,0.0,0.0,0.0,0.0,0.035714287,0.017857144,0.0,0.017857144,0.0,0.0,0.0,0.0,0.017857144,0.017857144,0.0,0.0,0.0,0.017857144,0.017857144,0.017857144,0.0,0.035714287,0.0,0.0,0.035714287,0.0,0.0,0.0,0.0,0.017857144,0.0,0.0,0.0,0.017857144,0.0,0.0,0.017857144,0.0,0.0,0.0,0.0,0.0,0.0,0.0,0.0,0.0,0.0,0.0,0.0,0.0,0.0,0.0,0.0,0.0,0.0,0.0,0.0,0.0,0.0,0.0,0.0,0.0,0.0,0.0,0.0,0.0,0.0,0.0,0.0]
[0.0,0.0,0.0,0.0,0.0,0.0,0.0,0.0,0.0,0.0,0.0,0.0,0.0,0.0,0.0,0.0,0.0,0.0,0.0,0.0,0.0,0.0,0.0,0.0,0.013888889,0.0,0.0,0.0,0.013888889,0.0,0.013888889,0.0,0.0,0.0,0.013888889,0.013888889,0.097222224,0.0,0.0,0.15277778,0.027777778,0.0,0.0,0.06944445,0.0,0.027777778,0.0,0.0,0.083333336,0.0,0.0,0.11111111,0.041666668,0.027777778,0.0,0.0,0.0,0.0,0.0,0.0,0.083333336,0.0,0.0,0.0,0.0,0.027777778,0.0,0.055555556,0.013888889,0.027777778,0.0,0.027777778,0.013888889,0.0,0.013888889,0.0,0.0,0.013888889,0.0,0.0,0.0,0.0,0.0,0.0,0.013888889,0.0,0.0,0.0,0.0,0.0,0.0,0.0,0.0,0.0,0.0,0.0,0.0,0.0,0.0,0.0,0.0,0.0,0.0,0.0,0.0,0.0,0.0,0.0,0.0,0.0,0.0,0.0,0.0,0.0,0.0,0.0,0.0,0.0,0.0,0.0,0.0,0.0,0.0,0.0,0.0,0.0,0.0,0.0]
[0.0,0.0,0.0,0.0,0.0,0.0,0.0,0.0,0.0,0.0,0.0,0.0,0.0,0.0,0.0,0.0,0.0,0.0,0.0,0.0,0.0,0.0,0.0,0.0,0.010416667,0.020833334,0.0,0.0,0.0,0.0,0.0,0.010416667,0.0,0.0,0.0,0.010416667,0.0,0.083333336,0.041666668,0.0,0.19791667,0.020833334,0.0,0.0,0.13541667,0.114583336,0.020833334,0.020833334,0.0,0.1875,0.0,0.0,0.0,0.0,0.0,0.010416667,0.0,0.010416667,0.0,0.0,0.0,0.0,0.010416667,0.0,0.0,0.0,0.0625,0.0,0.0,0.0,0.0,0.0,0.0,0.0,0.0,0.0,0.0,0.0,0.0,0.0,0.0,0.0,0.0,0.010416667,0.0,0.0,0.0,0.0,0.020833334,0.0,0.0,0.0,0.0,0.0,0.0,0.0,0.0,0.0,0.0,0.0,0.0,0.0,0.0,0.0,0.0,0.0,0.0,0.0,0.0,0.0,0.0,0.0,0.0,0.0,0.0,0.0,0.0,0.0,0.0,0.0,0.0,0.0,0.0,0.0,0.0,0.0,0.0,0.0]
[0.0,0.0,0.0,0.0,0.0,0.0,0.0,0.0,0.0,0.0,0.0,0.0,0.0,0.0,0.0,0.0,0.0,0.0,0.0,0.0,0.0,0.0,0.0,0.0,0.0,0.0,0.029411765,0.0,0.0,0.0,0.0,0.0,0.0,0.0,0.0,0.009803922,0.009803922,0.04901961,0.10784314,0.019607844,0.009803922,0.28431374,0.009803922,0.019607844,0.0,0.0882353,0.13725491,0.0,0.0,0.0,0.078431375,0.0,0.0,0.0,0.009803922,0.009803922,0.0,0.009803922,0.009803922,0.009803922,0.0,0.0,0.029411765,0.0,0.0,0.0,0.019607844,0.0,0.0,0.0,0.019607844,0.0,0.0,0.0,0.0,0.0,0.0,0.0,0.0,0.0,0.0,0.0,0.0,0.0,0.0,0.0,0.009803922,0.0,0.0,0.009803922,0.0,0.0,0.009803922,0.0,0.0,0.0,0.0,0.0,0.0,0.0,0.0,0.0,0.0,0.0,0.0,0.0,0.0,0.0,0.0,0.0,0.0,0.0,0.0,0.0,0.0,0.0,0.0,0.0,0.0,0.0,0.0,0.0,0.0,0.0,0.0,0.0,0.0,0.0]
[0.0,0.0,0.0,0.0,0.0,0.0,0.0,0.0,0.0,0.0,0.0,0.0,0.0,0.0,0.0,0.0,0.0,0.0,0.0,0.0,0.0,0.0,0.0,0.0,0.0,0.0,0.0,0.0,0.0,0.0,0.0,0.0,0.0,0.0,0.0,0.025,0.008333334,0.0,0.0,0.108333334,0.041666668,0.0,0.033333335,0.008333334,0.033333335,0.0,0.016666668,0.008333334,0.06666667,0.0,0.0,0.09166667,0.008333334,0.016666668,0.0,0.14166667,0.008333334,0.0,0.05,0.0,0.008333334,0.0,0.008333334,0.075,0.0,0.0,0.016666668,0.025,0.0,0.008333334,0.075,0.0,0.008333334,0.0,0.0,0.025,0.0,0.0,0.008333334,0.0,0.016666668,0.016666668,0.0,0.0,0.0,0.0,0.0,0.008333334,0.0,0.0,0.0,0.0,0.016666668,0.008333334,0.0,0.008333334,0.0,0.0,0.0,0.0,0.0,0.0,0.0,0.0,0.0,0.0,0.0,0.0,0.0,0.0,0.0,0.0,0.0,0.0,0.0,0.0,0.0,0.0,0.0,0.0,0.0,0.0,0.0,0.0,0.0,0.0,0.0,0.0]
[0.0,0.0,0.0,0.0,0.0,0.0,0.0,0.0,0.0,0.0,0.0,0.0,0.0,0.0,0.0,0.0,0.0,0.0,0.0,0.0,0.0,0.0,0.0,0.0,0.0,0.0,0.0,0.0,0.014018691,0.0,0.0,0.004672897,0.0,0.004672897,0.0,0.009345794,0.009345794,0.10280374,0.037383176,0.0,0.18224299,0.056074765,0.018691588,0.004672897,0.098130845,0.03271028,0.004672897,0.05140187,0.009345794,0.004672897,0.0,0.004672897,0.046728972,0.004672897,0.0,0.014018691,0.014018691,0.004672897,0.0,0.004672897,0.009345794,0.0,0.004672897,0.004672897,0.004672897,0.0,0.004672897,0.0,0.014018691,0.004672897,0.0,0.018691588,0.009345794,0.0,0.0,0.0,0.037383176,0.0,0.0,0.0,0.018691588,0.0,0.0,0.028037382,0.0,0.004672897,0.004672897,0.009345794,0.046728972,0.0,0.004672897,0.0,0.018691588,0.009345794,0.0,0.0,0.0,0.004672897,0.0,0.0,0.0,0.0,0.0,0.0,0.0,0.0,0.0,0.0,0.0,0.0,0.0,0.0,0.0,0.0,0.0,0.0,0.0,0.0,0.0,0.0,0.0,0.0,0.0,0.0,0.0,0.0,0.0,0.0]
[0.0,0.0,0.0,0.0,0.0,0.0,0.0,0.0,0.0,0.0,0.0,0.0,0.0,0.0,0.0,0.0,0.0,0.0,0.0,0.0,0.0,0.0,0.0,0.0,0.0,0.0,0.0,0.0,0.0,0.025,0.0,0.005,0.0,0.0,0.02,0.0,0.0,0.005,0.045,0.005,0.07,0.405,0.055,0.005,0.01,0.12,0.08,0.005,0.01,0.0,0.01,0.0,0.0,0.02,0.0,0.0,0.005,0.01,0.015,0.005,0.02,0.0,0.01,0.0,0.0,0.0,0.0,0.0,0.0,0.005,0.005,0.0,0.0,0.0,0.005,0.0,0.0,0.005,0.0,0.0,0.005,0.0,0.0,0.0,0.0,0.0,0.0,0.0,0.0,0.0,0.0,0.0,0.0,0.005,0.01,0.0,0.0,0.0,0.0,0.0,0.0,0.0,0.0,0.0,0.0,0.0,0.0,0.0,0.0,0.0,0.0,0.0,0.0,0.0,0.0,0.0,0.0,0.0,0.0,0.0,0.0,0.0,0.0,0.0,0.0,0.0,0.0,0.0]
[0.0,0.0,0.0,0.0,0.0,0.0,0.0,0.0,0.0,0.0,0.0,0.0,0.0,0.0,0.0,0.0,0.0,0.0,0.0,0.0,0.0,0.0,0.0,0.0,0.0,0.0,0.0,0.0,0.0,0.0,0.03125,0.0,0.0,0.0,0.0,0.0,0.0,0.0,0.020833334,0.020833334,0.0,0.041666668,0.21875,0.125,0.0,0.052083332,0.0,0.072916664,0.020833334,0.0,0.010416667,0.03125,0.010416667,0.0,0.052083332,0.010416667,0.0,0.020833334,0.0,0.0,0.0,0.0,0.0,0.010416667,0.010416667,0.0,0.052083332,0.0,0.0,0.020833334,0.0,0.041666668,0.0,0.0,0.0,0.010416667,0.0,0.0,0.020833334,0.0,0.0,0.010416667,0.010416667,0.010416667,0.020833334,0.0,0.0,0.0,0.0,0.0,0.010416667,0.0,0.0,0.010416667,0.0,0.020833334,0.0,0.0,0.0,0.0,0.0,0.0,0.0,0.0,0.0,0.0,0.0,0.0,0.0,0.0,0.0,0.0,0.0,0.0,0.0,0.0,0.0,0.0,0.0,0.0,0.0,0.0,0.0,0.0,0.0,0.0,0.0,0.0]
[0.0,0.0,0.0,0.0,0.0,0.0,0.0,0.0,0.0,0.0,0.0,0.0,0.0,0.0,0.0,0.0,0.0,0.0,0.0,0.0,0.0,0.0,0.0,0.0,0.0,0.0,0.0,0.0,0.0,0.0,0.0064935065,0.038961038,0.0,0.0064935065,0.0,0.0,0.0,0.0,0.012987013,0.0,0.032467533,0.045454547,0.0064935065,0.3181818,0.058441557,0.032467533,0.025974026,0.012987013,0.058441557,0.0,0.032467533,0.084415585,0.0064935065,0.032467533,0.0,0.032467533,0.0,0.0,0.0064935065,0.0,0.025974026,0.0,0.0,0.0,0.0,0.0,0.0,0.0,0.0,0.0,0.0,0.0064935065,0.012987013,0.0064935065,0.0,0.0,0.012987013,0.0,0.0064935065,0.045454547,0.0,0.0,0.012987013,0.0,0.012987013,0.0064935065,0.0,0.0,0.0,0.0,0.0,0.0,0.0,0.0,0.0,0.0,0.0,0.0,0.0,0.0,0.0,0.0,0.0,0.0,0.0,0.0,0.0,0.0,0.0,0.0,0.0,0.0,0.0,0.0,0.0,0.0,0.0,0.0,0.0,0.0,0.0,0.0,0.0,0.0,0.0,0.0,0.0,0.0]
[0.0,0.0,0.0,0.0,0.0,0.0,0.0,0.0,0.0,0.0,0.0,0.0,0.0,0.0,0.0,0.0,0.0,0.0,0.0,0.0,0.0,0.0,0.0,0.0,0.0,0.0,0.0,0.0,0.0,0.0,0.0,0.0,0.04950495,0.0,0.0,0.0,0.024752475,0.05940594,0.0,0.0,0.103960395,0.004950495,0.01980198,0.03960396,0.2029703,0.06930693,0.0,0.02970297,0.044554457,0.02970297,0.004950495,0.03960396,0.004950495,0.014851485,0.0,0.0,0.01980198,0.0,0.0,0.014851485,0.00990099,0.0,0.0,0.044554457,0.0,0.034653466,0.0,0.00990099,0.004950495,0.0,0.00990099,0.004950495,0.0,0.0,0.004950495,0.004950495,0.004950495,0.0,0.0,0.0,0.034653466,0.0,0.0,0.0,0.004950495,0.0,0.0,0.0,0.02970297,0.004950495,0.0,0.0,0.004950495,0.0,0.0,0.004950495,0.004950495,0.0,0.0,0.0,0.0,0.0,0.0,0.0,0.0,0.0,0.0,0.0,0.0,0.0,0.0,0.0,0.0,0.0,0.0,0.0,0.0,0.0,0.0,0.0,0.0,0.0,0.0,0.0,0.0,0.0,0.0,0.0]
[0.0,0.0,0.0,0.0,0.0,0.0,0.0,0.0,0.0,0.0,0.0,0.0,0.0,0.0,0.0,0.0,0.0,0.0,0.0,0.0,0.0,0.0,0.0,0.0,0.0,0.0,0.0,0.0,0.0056179776,0.0,0.0,0.0056179776,0.0,0.016853932,0.0,0.0,0.0,0.02247191,0.10674157,0.0,0.06741573,0.06741573,0.0056179776,0.016853932,0.07865169,0.29213482,0.04494382,0.028089888,0.02247191,0.0,0.016853932,0.0056179776,0.016853932,0.0,0.0056179776,0.0,0.0,0.056179777,0.0,0.0,0.0056179776,0.0,0.0,0.011235955,0.0,0.0,0.0056179776,0.0,0.0,0.011235955,0.0,0.0056179776,0.0,0.0056179776,0.0,0.0056179776,0.0,0.0,0.0056179776,0.0056179776,0.0,0.0,0.0,0.0056179776,0.0,0.0056179776,0.0,0.011235955,0.0056179776,0.0,0.0056179776,0.0,0.0,0.016853932,0.0,0.0056179776,0.0,0.0,0.0,0.0,0.0,0.0,0.0,0.0,0.0,0.0,0.0,0.0,0.0,0.0,0.0,0.0,0.0,0.0,0.0,0.0,0.0,0.0,0.0,0.0,0.0,0.0,0.0,0.0,0.0,0.0,0.0,0.0]
[0.0,0.0,0.0,0.0,0.0,0.0,0.0,0.0,0.0,0.0,0.0,0.0,0.0,0.0,0.0,0.0,0.0,0.0,0.0,0.0,0.0,0.0,0.0,0.0,0.0,0.0,0.0,0.0,0.0,0.0,0.0,0.0,0.0,0.0,0.016528925,0.0,0.0,0.0,0.09090909,0.004132231,0.0,0.03305785,0.0,0.012396694,0.0,0.016528925,0.33471075,0.020661157,0.004132231,0.008264462,0.020661157,0.008264462,0.0,0.02892562,0.0,0.14876033,0.05785124,0.0,0.0,0.004132231,0.0,0.0,0.037190083,0.004132231,0.0,0.012396694,0.016528925,0.0,0.0,0.0,0.024793388,0.0,0.004132231,0.0,0.004132231,0.02892562,0.0,0.004132231,0.004132231,0.0,0.0,0.004132231,0.008264462,0.004132231,0.0,0.0,0.004132231,0.020661157,0.0,0.008264462,0.0,0.0,0.0,0.0,0.0,0.0,0.0,0.0,0.0,0.0,0.0,0.0,0.0,0.0,0.0,0.0,0.0,0.0,0.0,0.0,0.0,0.0,0.0,0.0,0.0,0.0,0.0,0.0,0.0,0.0,0.0,0.0,0.0,0.0,0.0,0.0,0.0,0.0]
[0.0,0.0,0.0,0.0,0.0,0.0,0.0,0.0,0.0,0.0,0.0,0.0,0.0,0.0,0.0,0.0,0.0,0.0,0.0,0.0,0.0,0.0,0.0,0.010752688,0.005376344,0.0,0.0,0.0,0.0,0.005376344,0.0,0.0,0.0,0.0,0.0,0.016129032,0.0,0.0,0.0,0.005376344,0.03763441,0.010752688,0.010752688,0.016129032,0.010752688,0.02688172,0.021505376,0.16666667,0.05376344,0.005376344,0.010752688,0.032258064,0.06989247,0.016129032,0.010752688,0.010752688,0.032258064,0.016129032,0.0,0.03763441,0.005376344,0.005376344,0.005376344,0.005376344,0.005376344,0.0,0.0,0.0,0.043010753,0.005376344,0.0,0.05376344,0.0,0.0,0.0,0.03763441,0.05376344,0.005376344,0.010752688,0.005376344,0.03763441,0.0,0.0,0.016129032,0.005376344,0.010752688,0.0,0.010752688,0.02688172,0.0,0.005376344,0.0,0.0,0.0,0.0,0.005376344,0.0,0.0,0.0,0.0,0.0,0.0,0.0,0.0,0.0,0.0,0.0,0.0,0.0,0.0,0.0,0.0,0.0,0.0,0.0,0.0,0.0,0.0,0.0,0.0,0.0,0.0,0.0,0.0,0.0,0.0,0.0,0.0]
[0.0,0.0,0.0,0.0,0.0,0.0,0.0,0.0,0.0,0.0,0.0,0.0,0.0,0.0,0.0,0.0,0.0,0.0,0.0,0.0,0.0,0.0,0.0,0.0,0.005154639,0.0,0.0,0.0,0.005154639,0.0,0.0,0.0,0.0154639175,0.0,0.010309278,0.0,0.0154639175,0.0,0.0,0.036082473,0.0,0.0,0.005154639,0.0154639175,0.025773196,0.005154639,0.005154639,0.020618556,0.2371134,0.05154639,0.010309278,0.041237112,0.025773196,0.036082473,0.010309278,0.067010306,0.005154639,0.010309278,0.005154639,0.010309278,0.05670103,0.005154639,0.0,0.05670103,0.0,0.020618556,0.010309278,0.0154639175,0.0,0.010309278,0.0,0.005154639,0.025773196,0.0,0.0,0.020618556,0.025773196,0.010309278,0.005154639,0.010309278,0.0,0.010309278,0.0,0.0,0.0,0.0,0.0,0.010309278,0.0,0.0,0.0154639175,0.0,0.005154639,0.0,0.0,0.0,0.005154639,0.0,0.0,0.0,0.0,0.0,0.0,0.0,0.0,0.0,0.0,0.0,0.0,0.0,0.0,0.0,0.0,0.0,0.0,0.0,0.0,0.0,0.0,0.0,0.0,0.0,0.0,0.0,0.0,0.0,0.0,0.0]
[0.0,0.0,0.0,0.0,0.0,0.0,0.0,0.0,0.0,0.0,0.0,0.0,0.0,0.0,0.0,0.0,0.0,0.0,0.0,0.0,0.0,0.0,0.0,0.0,0.0,0.0,0.009259259,0.0,0.0,0.0,0.0,0.0,0.0,0.009259259,0.0,0.0,0.0,0.037037037,0.009259259,0.0,0.046296295,0.009259259,0.037037037,0.009259259,0.0,0.009259259,0.0,0.037037037,0.0,0.25,0.027777778,0.0,0.027777778,0.009259259,0.055555556,0.0,0.027777778,0.009259259,0.009259259,0.009259259,0.0,0.074074075,0.0,0.0,0.0,0.046296295,0.0,0.037037037,0.0,0.0,0.09259259,0.0,0.0,0.0,0.018518519,0.0,0.0,0.0,0.027777778,0.0,0.009259259,0.0,0.009259259,0.018518519,0.0,0.0,0.0,0.0,0.009259259,0.0,0.0,0.0,0.009259259,0.0,0.0,0.0,0.0,0.009259259,0.0,0.0,0.0,0.0,0.0,0.0,0.0,0.0,0.0,0.0,0.0,0.0,0.0,0.0,0.0,0.0,0.0,0.0,0.0,0.0,0.0,0.0,0.0,0.0,0.0,0.0,0.0,0.0,0.0,0.0]
[0.0,0.0,0.0,0.0,0.0,0.0,0.0,0.0,0.0,0.0,0.0,0.0,0.0,0.0,0.0,0.0,0.0,0.0,0.0,0.0,0.0,0.0,0.0,0.0,0.0,0.0,0.0,0.0,0.0,0.0,0.0,0.0,0.0,0.0056179776,0.0,0.0,0.011235955,0.0056179776,0.028089888,0.0056179776,0.0,0.011235955,0.0056179776,0.0056179776,0.0056179776,0.02247191,0.016853932,0.02247191,0.011235955,0.016853932,0.2752809,0.028089888,0.016853932,0.028089888,0.011235955,0.056179777,0.028089888,0.016853932,0.084269665,0.02247191,0.011235955,0.0,0.04494382,0.016853932,0.011235955,0.039325844,0.0,0.0,0.033707865,0.0,0.016853932,0.0056179776,0.0,0.0,0.011235955,0.0,0.0,0.011235955,0.011235955,0.0056179776,0.0,0.011235955,0.0,0.0056179776,0.0,0.0,0.011235955,0.0,0.0056179776,0.0056179776,0.0,0.0,0.0,0.0,0.0,0.0,0.0,0.0,0.0,0.0,0.0,0.0,0.0,0.0,0.0,0.0,0.0,0.0,0.0,0.0,0.0,0.0,0.0,0.0,0.0,0.0,0.0,0.0,0.0,0.0,0.0,0.0,0.0,0.0,0.0,0.0,0.0,0.0]
[0.0,0.0,0.0,0.0,0.0,0.0,0.0,0.0,0.0,0.0,0.0,0.0,0.0,0.0,0.0,0.0,0.0,0.0,0.0,0.0,0.0,0.0,0.0,0.0,0.0,0.0,0.0,0.0,0.0,0.0,0.0,0.0,0.0029239766,0.0,0.0,0.0,0.0058479533,0.0,0.0,0.0058479533,0.0029239766,0.0029239766,0.0,0.03508772,0.0,0.0029239766,0.0029239766,0.0116959065,0.029239766,0.0,0.0029239766,0.28070176,0.032163743,0.0,0.029239766,0.046783626,0.038011696,0.032163743,0.0877193,0.020467836,0.038011696,0.0058479533,0.014619883,0.032163743,0.0029239766,0.0029239766,0.01754386,0.046783626,0.014619883,0.0058479533,0.029239766,0.020467836,0.0058479533,0.0,0.0,0.02631579,0.0,0.0,0.00877193,0.0058479533,0.00877193,0.0,0.0058479533,0.0058479533,0.0029239766,0.0,0.0029239766,0.014619883,0.0,0.0,0.0029239766,0.0,0.0058479533,0.0,0.0,0.0,0.0,0.0,0.0,0.0,0.0,0.0,0.0,0.0,0.0,0.0,0.0,0.0,0.0,0.0,0.0,0.0,0.0,0.0,0.0,0.0,0.0,0.0,0.0,0.0,0.0,0.0,0.0,0.0,0.0,0.0,0.0,0.0]
[0.0,0.0,0.0,0.0,0.0,0.0,0.0,0.0,0.0,0.0,0.0,0.0,0.0,0.0,0.0,0.0,0.0,0.0,0.0,0.0,0.0,0.0,0.0,0.0,0.0,0.0,0.0,0.0034482758,0.010344828,0.0,0.0,0.0,0.0034482758,0.0,0.0,0.0,0.0,0.0034482758,0.0034482758,0.0,0.013793103,0.0034482758,0.0,0.010344828,0.010344828,0.0034482758,0.0,0.044827588,0.010344828,0.0034482758,0.024137931,0.010344828,0.14827587,0.03448276,0.020689655,0.027586207,0.10689655,0.024137931,0.0,0.044827588,0.024137931,0.010344828,0.013793103,0.0,0.05172414,0.0068965517,0.0068965517,0.013793103,0.020689655,0.0068965517,0.0,0.031034483,0.010344828,0.010344828,0.0,0.010344828,0.06896552,0.0034482758,0.0068965517,0.010344828,0.05862069,0.0034482758,0.0034482758,0.01724138,0.0034482758,0.0,0.0,0.0,0.031034483,0.0,0.0,0.0,0.0068965517,0.0,0.0,0.0034482758,0.0,0.0,0.0,0.0,0.0,0.0,0.0,0.0,0.0,0.0,0.0,0.0,0.0,0.0,0.0,0.0,0.0,0.0,0.0,0.0,0.0,0.0,0.0,0.0,0.0,0.0,0.0,0.0,0.0,0.0,0.0,0.0]
[0.0,0.0,0.0,0.0,0.0,0.0,0.0,0.0,0.0,0.0,0.0,0.0,0.0,0.0,0.0,0.0,0.0,0.0,0.0,0.0,0.0,0.0,0.0,0.0036231885,0.0,0.0,0.0,0.0,0.0036231885,0.0,0.0,0.0,0.007246377,0.0,0.0,0.0,0.0,0.0036231885,0.007246377,0.0036231885,0.0,0.014492754,0.0,0.014492754,0.010869565,0.0,0.0,0.0036231885,0.036231883,0.007246377,0.028985508,0.0036231885,0.032608695,0.35144928,0.028985508,0.0036231885,0.04347826,0.032608695,0.050724637,0.028985508,0.010869565,0.0036231885,0.09057971,0.0036231885,0.0,0.039855074,0.0036231885,0.0,0.039855074,0.007246377,0.010869565,0.010869565,0.007246377,0.0,0.0036231885,0.0,0.0,0.007246377,0.0,0.007246377,0.0036231885,0.007246377,0.007246377,0.0,0.0,0.0,0.0036231885,0.0036231885,0.0,0.007246377,0.0,0.0,0.0,0.0,0.0,0.0,0.0,0.0,0.0,0.0,0.0,0.0,0.0,0.0,0.0,0.0,0.0,0.0,0.0,0.0,0.0,0.0,0.0,0.0,0.0,0.0,0.0,0.0,0.0,0.0,0.0,0.0,0.0,0.0,0.0,0.0,0.0,0.0]
[0.0,0.0,0.0,0.0,0.0,0.0,0.0,0.0,0.0,0.0,0.0,0.0,0.0,0.0,0.0,0.0,0.0,0.0,0.0,0.0,0.0,0.0,0.0,0.0,0.0,0.0,0.0,0.0,0.005154639,0.0,0.0,0.0,0.0,0.0,0.0,0.005154639,0.0,0.0,0.0,0.020618556,0.005154639,0.005154639,0.025773196,0.005154639,0.010309278,0.010309278,0.0,0.005154639,0.0,0.010309278,0.005154639,0.06185567,0.025773196,0.020618556,0.21649484,0.04639175,0.0154639175,0.025773196,0.020618556,0.036082473,0.036082473,0.010309278,0.0,0.0154639175,0.020618556,0.0,0.077319585,0.0,0.010309278,0.020618556,0.020618556,0.041237112,0.0154639175,0.005154639,0.0,0.020618556,0.005154639,0.0,0.025773196,0.0,0.010309278,0.0154639175,0.005154639,0.010309278,0.010309278,0.005154639,0.0,0.025773196,0.0,0.0,0.005154639,0.0,0.0,0.0,0.0,0.005154639,0.0,0.0,0.0,0.0,0.0,0.0,0.0,0.0,0.0,0.0,0.0,0.0,0.0,0.0,0.0,0.0,0.0,0.0,0.0,0.0,0.0,0.0,0.0,0.0,0.0,0.0,0.0,0.0,0.0,0.0,0.0,0.0]
[0.0,0.0,0.0,0.0,0.0,0.0,0.0,0.0,0.0,0.0,0.0,0.0,0.0,0.0,0.0,0.0,0.0,0.0,0.0,0.0,0.0,0.0,0.0,0.0,0.0,0.0,0.0,0.0,0.0,0.0,0.0,0.002754821,0.0,0.0,0.0,0.0,0.016528925,0.002754821,0.0,0.027548209,0.002754821,0.0,0.002754821,0.005509642,0.0,0.005509642,0.1046832,0.0,0.041322313,0.002754821,0.016528925,0.046831954,0.022038568,0.008264462,0.011019284,0.21487603,0.016528925,0.011019284,0.09917355,0.038567495,0.019283747,0.005509642,0.008264462,0.07438017,0.016528925,0.008264462,0.0,0.063360885,0.024793388,0.008264462,0.011019284,0.0,0.005509642,0.0,0.013774104,0.0,0.016528925,0.0,0.0,0.008264462,0.0,0.005509642,0.002754821,0.002754821,0.002754821,0.0,0.0,0.002754821,0.0,0.0,0.0,0.0,0.0,0.0,0.0,0.0,0.0,0.0,0.0,0.0,0.0,0.0,0.0,0.0,0.0,0.0,0.0,0.0,0.0,0.0,0.0,0.0,0.0,0.0,0.0,0.0,0.0,0.0,0.0,0.0,0.0,0.0,0.0,0.0,0.0,0.0,0.0,0.0]
[0.0,0.0,0.0,0.0,0.0,0.0,0.0,0.0,0.0,0.0,0.0,0.0,0.0,0.0,0.0,0.0,0.0,0.0,0.0,0.0,0.0,0.0,0.0,0.0,0.0,0.0,0.0,0.0,0.0,0.0,0.0,0.0,0.0011415525,0.0,0.0,0.0,0.0,0.0,0.0,0.0,0.0011415525,0.002283105,0.0,0.0011415525,0.011415525,0.0011415525,0.02283105,0.0057077627,0.002283105,0.0,0.0034246575,0.0102739725,0.025114154,0.021689497,0.0034246575,0.011415525,0.33333334,0.0102739725,0.01369863,0.042237442,0.006849315,0.0034246575,0.084474884,0.0034246575,0.017123288,0.038812786,0.0011415525,0.002283105,0.20091324,0.002283105,0.002283105,0.01826484,0.0057077627,0.002283105,0.002283105,0.0,0.02739726,0.0,0.0,0.0,0.029680366,0.0,0.0,0.006849315,0.0,0.0011415525,0.0,0.0011415525,0.007990868,0.002283105,0.0,0.0,0.00456621,0.0,0.0,0.0011415525,0.0,0.002283105,0.0,0.0,0.0,0.0,0.0,0.0,0.0,0.0,0.0,0.0,0.0,0.0,0.0,0.0,0.0,0.0,0.0,0.0,0.0,0.0,0.0,0.0,0.0,0.0,0.0,0.0,0.0,0.0,0.0,0.0]
[0.0,0.0,0.0,0.0,0.0,0.0,0.0,0.0,0.0,0.0,0.0,0.0,0.0,0.0,0.0,0.0,0.0,0.0,0.0,0.0,0.0,0.0,0.0,0.0,0.0,0.0,0.0,0.0,0.0,0.0,0.0,0.0,0.0,0.0,0.0,0.0,0.0032894737,0.009868421,0.0032894737,0.0,0.0032894737,0.0,0.0032894737,0.0,0.0032894737,0.016447369,0.0,0.0032894737,0.0065789474,0.0,0.0032894737,0.049342107,0.0032894737,0.032894738,0.03618421,0.023026315,0.029605264,0.24671052,0.019736841,0.04605263,0.049342107,0.013157895,0.009868421,0.08223684,0.016447369,0.016447369,0.013157895,0.0065789474,0.013157895,0.078947365,0.0032894737,0.019736841,0.0032894737,0.0065789474,0.0032894737,0.019736841,0.013157895,0.0065789474,0.016447369,0.0,0.0065789474,0.019736841,0.0,0.009868421,0.0032894737,0.0,0.0032894737,0.0,0.0065789474,0.013157895,0.0,0.0,0.0032894737,0.0,0.0,0.0,0.0,0.0,0.0,0.0,0.0,0.0,0.0,0.0,0.0,0.0,0.0,0.0,0.0,0.0,0.0,0.0,0.0,0.0,0.0,0.0,0.0,0.0,0.0,0.0,0.0,0.0,0.0,0.0,0.0,0.0,0.0,0.0]
[0.0,0.0,0.0,0.0,0.0,0.0,0.0,0.0,0.0,0.0,0.0,0.0,0.0,0.0,0.0,0.0,0.0,0.0,0.0,0.0,0.0,0.0,0.0,0.0,0.0,0.0,0.0,0.0,0.0,0.0,0.0,0.0,0.0,0.0,0.005181347,0.0,0.0,0.0,0.0,0.02849741,0.0,0.0,0.0025906735,0.0,0.0,0.0,0.005181347,0.0,0.0025906735,0.012953368,0.049222797,0.098445594,0.0,0.0077720205,0.020725388,0.08549223,0.02849741,0.033678755,0.25129533,0.015544041,0.0077720205,0.02849741,0.041450776,0.15284973,0.0,0.020725388,0.0025906735,0.031088082,0.02849741,0.0,0.005181347,0.0,0.0,0.010362694,0.005181347,0.0,0.0,0.005181347,0.0025906735,0.0077720205,0.0,0.0,0.0025906735,0.0,0.0,0.0,0.0,0.0,0.0,0.0,0.0,0.0,0.0,0.0,0.0,0.0,0.0,0.0,0.0,0.0,0.0,0.0,0.0,0.0,0.0,0.0,0.0,0.0,0.0,0.0,0.0,0.0,0.0,0.0,0.0,0.0,0.0,0.0,0.0,0.0,0.0,0.0,0.0,0.0,0.0,0.0,0.0,0.0]
[0.0,0.0,0.0,0.0,0.0,0.0,0.0,0.0,0.0,0.0,0.0,0.0,0.0,0.0,0.0,0.0,0.0,0.0,0.0,0.0,0.0,0.0,0.0,0.0,0.0,0.0,0.0,0.0,0.0012787724,0.0,0.0,0.0012787724,0.0,0.0,0.0,0.0025575447,0.0,0.0,0.0,0.0,0.0038363172,0.0,0.0,0.0012787724,0.0051150895,0.0,0.0,0.0051150895,0.0025575447,0.0038363172,0.006393862,0.0025575447,0.012787724,0.008951407,0.006393862,0.006393862,0.044757035,0.015345269,0.017902814,0.2685422,0.02685422,0.15984654,0.020460358,0.01662404,0.05498721,0.008951407,0.028132992,0.0025575447,0.025575448,0.008951407,0.0012787724,0.05370844,0.0012787724,0.0038363172,0.008951407,0.006393862,0.046035804,0.008951407,0.008951407,0.0051150895,0.030690538,0.0025575447,0.0012787724,0.017902814,0.0012787724,0.0051150895,0.0,0.0038363172,0.012787724,0.0,0.0,0.0,0.006393862,0.0012787724,0.0,0.0025575447,0.0,0.0,0.0,0.0,0.0,0.0,0.0,0.0,0.0,0.0,0.0,0.0,0.0,0.0,0.0,0.0,0.0,0.0,0.0,0.0,0.0,0.0,0.0,0.0,0.0,0.0,0.0,0.0,0.0,0.0,0.0,0.0]
[0.0,0.0,0.0,0.0,0.0,0.0,0.0,0.0,0.0,0.0,0.0,0.0,0.0,0.0,0.0,0.0,0.0,0.0,0.0,0.0,0.0,0.0,0.0,0.0,0.0,0.0,0.0,0.0,0.0,0.0,0.0,0.0,0.0,0.0,0.0034722222,0.0,0.0034722222,0.0,0.0,0.0,0.0017361111,0.0017361111,0.0,0.0017361111,0.0069444445,0.0017361111,0.0,0.0,0.0034722222,0.0,0.0069444445,0.024305556,0.012152778,0.0069444445,0.010416667,0.029513888,0.019097222,0.029513888,0.0034722222,0.026041666,0.2795139,0.022569444,0.017361112,0.13715278,0.020833334,0.029513888,0.078125,0.057291668,0.008680556,0.019097222,0.0052083335,0.0017361111,0.038194444,0.0,0.0069444445,0.0069444445,0.010416667,0.013888889,0.0,0.0017361111,0.0052083335,0.020833334,0.0017361111,0.0017361111,0.012152778,0.0,0.0017361111,0.0,0.0052083335,0.0,0.0017361111,0.0,0.0,0.0017361111,0.0,0.0,0.0,0.0,0.0,0.0,0.0,0.0,0.0,0.0,0.0,0.0,0.0,0.0,0.0,0.0,0.0,0.0,0.0,0.0,0.0,0.0,0.0,0.0,0.0,0.0,0.0,0.0,0.0,0.0,0.0,0.0,0.0,0.0]
[0.0,0.0,0.0,0.0,0.0,0.0,0.0,0.0,0.0,0.0,0.0,0.0,0.0,0.0,0.0,0.0,0.0,0.0,0.0,0.0,0.0,0.0,0.0,0.0,0.0,0.0,0.0,0.0,0.0,0.0,0.0,0.0,0.0,0.0,0.0,0.0,0.0,0.0025252525,0.0,0.0,0.0,0.0,0.0,0.0,0.0,0.0025252525,0.0,0.0025252525,0.0,0.015151516,0.0025252525,0.007575758,0.005050505,0.0,0.0025252525,0.0,0.007575758,0.01010101,0.027777778,0.32323232,0.025252525,0.32575756,0.04292929,0.005050505,0.027777778,0.027777778,0.01010101,0.0025252525,0.012626262,0.012626262,0.022727273,0.005050505,0.0,0.022727273,0.0,0.0,0.007575758,0.007575758,0.0025252525,0.0,0.007575758,0.0025252525,0.0025252525,0.0025252525,0.0,0.007575758,0.0,0.0,0.005050505,0.0,0.0,0.0,0.0,0.0,0.0,0.0,0.0,0.0,0.0,0.0,0.0,0.0025252525,0.0,0.0,0.0,0.0,0.0,0.0,0.0,0.0,0.0,0.0,0.0,0.0,0.0,0.0,0.0,0.0,0.0,0.0,0.0,0.0,0.0,0.0,0.0,0.0,0.0,0.0]
[0.0,0.0,0.0,0.0,0.0,0.0,0.0,0.0,0.0,0.0,0.0,0.0,0.0,0.0,0.0,0.0,0.0,0.0,0.0,0.0,0.0,0.0,0.0,0.0,0.0,0.0,0.0,0.0,0.0,0.0,0.0,0.0,0.0,0.0,0.008032128,0.0,0.0,0.002008032,0.002008032,0.0,0.004016064,0.002008032,0.0,0.008032128,0.0,0.002008032,0.004016064,0.0,0.008032128,0.002008032,0.016064256,0.0,0.006024096,0.072289154,0.0,0.008032128,0.13654618,0.008032128,0.01004016,0.036144577,0.030120483,0.018072288,0.27710843,0.0562249,0.052208837,0.046184737,0.02008032,0.012048192,0.026104419,0.004016064,0.008032128,0.030120483,0.008032128,0.006024096,0.032128513,0.0,0.008032128,0.004016064,0.002008032,0.002008032,0.004016064,0.002008032,0.002008032,0.004016064,0.0,0.0,0.004016064,0.0,0.0,0.002008032,0.0,0.002008032,0.0,0.002008032,0.0,0.0,0.0,0.0,0.0,0.0,0.0,0.0,0.0,0.0,0.0,0.0,0.0,0.0,0.0,0.0,0.0,0.0,0.0,0.0,0.0,0.0,0.0,0.0,0.0,0.0,0.0,0.0,0.0,0.0,0.0,0.0,0.0,0.0]
[0.0,0.0,0.0,0.0,0.0,0.0,0.0,0.0,0.0,0.0,0.0,0.0,0.0,0.0,0.0,0.0,0.0,0.0,0.0,0.0,0.0,0.0,0.0,0.0,0.0,0.0,0.0,0.0,0.0,0.0,0.0,0.0,0.0,0.0,0.0,0.0056338026,0.0126760565,0.0,0.0,0.0056338026,0.0,0.0,0.0028169013,0.0028169013,0.0,0.0014084507,0.0014084507,0.0,0.0028169013,0.0,0.0028169013,0.0070422534,0.0014084507,0.0014084507,0.0070422534,0.03802817,0.01690141,0.030985916,0.07605634,0.023943663,0.111267604,0.009859155,0.04366197,0.28873238,0.02112676,0.01690141,0.08591549,0.01971831,0.029577464,0.011267605,0.011267605,0.0070422534,0.015492958,0.0028169013,0.0014084507,0.046478875,0.0,0.0,0.0070422534,0.0,0.0056338026,0.0014084507,0.0014084507,0.008450705,0.0,0.0,0.0,0.0056338026,0.0014084507,0.0,0.0014084507,0.0,0.0,0.0,0.0,0.0028169013,0.0014084507,0.0,0.0,0.0,0.0,0.0,0.0,0.0,0.0,0.0,0.0,0.0,0.0,0.0,0.0,0.0,0.0,0.0,0.0,0.0,0.0,0.0,0.0,0.0,0.0,0.0,0.0,0.0,0.0,0.0,0.0,0.0]
[0.0,0.0,0.0,0.0,0.0,0.0,0.0,0.0,0.0,0.0,0.0,0.0,0.0,0.0,0.0,0.0,0.0,0.0,0.0,0.0,0.0,0.0,0.0,0.0,0.0,0.0,0.0,0.0,0.0047318614,0.0,0.0015772871,0.0,0.0,0.0,0.0,0.0015772871,0.0,0.0,0.0,0.0,0.0015772871,0.0,0.0,0.0015772871,0.0031545742,0.0015772871,0.0015772871,0.0015772871,0.0015772871,0.0031545742,0.0,0.0,0.02208202,0.0015772871,0.0,0.007886435,0.012618297,0.007886435,0.0,0.045741323,0.014195584,0.0047318614,0.03154574,0.045741323,0.25709778,0.033123028,0.033123028,0.029968454,0.07097792,0.018927446,0.0015772871,0.04416404,0.01577287,0.01577287,0.0031545742,0.0047318614,0.07097792,0.0,0.0015772871,0.012618297,0.0488959,0.014195584,0.0031545742,0.01577287,0.018927446,0.0063091484,0.0015772871,0.0015772871,0.029968454,0.0,0.0,0.0015772871,0.01577287,0.0015772871,0.0,0.0031545742,0.0,0.0031545742,0.0,0.0,0.0031545742,0.0,0.0,0.0,0.0,0.0,0.0,0.0,0.0,0.0,0.0,0.0,0.0,0.0,0.0,0.0,0.0,0.0,0.0,0.0,0.0,0.0,0.0,0.0,0.0,0.0,0.0,0.0]
[0.0,0.0,0.0,0.0,0.0,0.0,0.0,0.0,0.0,0.0,0.0,0.0,0.0,0.0,0.0,0.0,0.0,0.0,0.0,0.0,0.0,0.0,0.0,0.0,0.0,0.0,0.0,0.0,0.0,0.0,0.0,0.0,0.0,0.0,0.0,0.0,0.0032258064,0.006451613,0.0,0.0048387097,0.0,0.009677419,0.0,0.0,0.0016129032,0.0,0.0016129032,0.0,0.008064516,0.0016129032,0.012903226,0.0032258064,0.0016129032,0.014516129,0.0,0.0016129032,0.037096772,0.0048387097,0.011290323,0.020967742,0.011290323,0.006451613,0.03387097,0.014516129,0.051612902,0.36451614,0.030645162,0.025806451,0.05967742,0.062903225,0.0032258064,0.016129032,0.017741935,0.009677419,0.012903226,0.0032258064,0.0016129032,0.074193545,0.0016129032,0.0016129032,0.008064516,0.020967742,0.0,0.0016129032,0.0032258064,0.0032258064,0.006451613,0.0,0.0,0.0016129032,0.0,0.0016129032,0.0032258064,0.0,0.0016129032,0.0,0.0,0.0,0.0,0.0,0.0,0.0,0.0,0.0,0.0,0.0,0.0,0.0,0.0,0.0,0.0,0.0,0.0,0.0,0.0,0.0,0.0,0.0,0.0,0.0,0.0,0.0,0.0,0.0,0.0,0.0,0.0,0.0]
[0.0,0.0,0.0,0.0,0.0,0.0,0.0,0.0,0.0,0.0,0.0,0.0,0.0,0.0,0.0,0.0,0.0,0.0,0.0,0.0,0.0,0.0,0.0,0.0,0.0,0.0,0.0,0.0,0.0,0.0,0.009124087,0.0,0.0,0.0,0.00729927,0.0,0.0,0.0,0.0018248175,0.0,0.0018248175,0.0,0.0018248175,0.0,0.0,0.0018248175,0.0,0.00729927,0.0,0.0018248175,0.0,0.00729927,0.003649635,0.0,0.02189781,0.0,0.0,0.01459854,0.016423358,0.038321167,0.09489051,0.0,0.020072993,0.09854015,0.031021899,0.02919708,0.270073,0.02189781,0.05109489,0.02919708,0.041970804,0.01459854,0.016423358,0.0054744524,0.00729927,0.02189781,0.003649635,0.0,0.049270075,0.0018248175,0.003649635,0.0,0.0054744524,0.003649635,0.0018248175,0.009124087,0.0018248175,0.009124087,0.009124087,0.0,0.009124087,0.0018248175,0.0,0.0,0.0,0.0,0.0,0.0018248175,0.0,0.0,0.0,0.0,0.0,0.0,0.0,0.0,0.0,0.0,0.0,0.0,0.0,0.0,0.0,0.0,0.0,0.0,0.0,0.0,0.0,0.0,0.0,0.0,0.0,0.0,0.0,0.0,0.0,0.0]
[0.0,0.0,0.0,0.0,0.0,0.0,0.0,0.0,0.0,0.0,0.0,0.0,0.0,0.0,0.0,0.0,0.0,0.0,0.0,0.0,0.0,0.0,0.0,0.0,0.0,0.0,0.002283105,0.0,0.0,0.0,0.0,0.002283105,0.0,0.0,0.00456621,0.0,0.015981736,0.0,0.0,0.01369863,0.0,0.0,0.0,0.00913242,0.0,0.0,0.00913242,0.002283105,0.00456621,0.002283105,0.0,0.01369863,0.01369863,0.0,0.00456621,0.034246575,0.0,0.0,0.04109589,0.002283105,0.06621005,0.00913242,0.002283105,0.038812786,0.03196347,0.01369863,0.043378994,0.23515981,0.06621005,0.02283105,0.038812786,0.01369863,0.03196347,0.015981736,0.00913242,0.015981736,0.034246575,0.006849315,0.002283105,0.06849315,0.002283105,0.002283105,0.002283105,0.015981736,0.006849315,0.0,0.00456621,0.00456621,0.00913242,0.0,0.0,0.00456621,0.0,0.0,0.002283105,0.002283105,0.0,0.0,0.0,0.0,0.0,0.0,0.0,0.0,0.0,0.0,0.0,0.0,0.0,0.0,0.0,0.0,0.0,0.0,0.0,0.0,0.0,0.0,0.0,0.0,0.0,0.0,0.0,0.0,0.0,0.0,0.0,0.0]
[0.0,0.0,0.0,0.0,0.0,0.0,0.0,0.0,0.0,0.0,0.0,0.0,0.0,0.0,0.0,0.0,0.0,0.0,0.0,0.0,0.0,0.0,0.0,0.0,0.0,0.0,0.0,0.0,0.0031847134,0.0,0.0,0.0,0.0021231424,0.0,0.016985139,0.0,0.0010615712,0.0021231424,0.0,0.0021231424,0.0021231424,0.0021231424,0.0,0.0,0.0042462847,0.0,0.0,0.0031847134,0.0031847134,0.0,0.0042462847,0.0074309977,0.0074309977,0.0042462847,0.0021231424,0.0,0.18789808,0.0031847134,0.011677282,0.032908704,0.0074309977,0.0031847134,0.00955414,0.023354564,0.027600849,0.036093418,0.011677282,0.023354564,0.2462845,0.046709128,0.024416136,0.07112527,0.0042462847,0.0074309977,0.006369427,0.006369427,0.01910828,0.006369427,0.0,0.0,0.056263268,0.0010615712,0.0010615712,0.012738854,0.0,0.0053078556,0.0,0.0010615712,0.012738854,0.0021231424,0.0,0.0,0.00955414,0.0,0.0,0.0053078556,0.0031847134,0.0042462847,0.0,0.0010615712,0.0,0.0,0.0,0.0,0.0,0.0,0.0,0.0,0.0,0.0,0.0,0.0,0.0,0.0,0.0,0.0,0.0,0.0,0.0,0.0,0.0,0.0,0.0,0.0,0.0,0.0,0.0,0.0]
[0.0,0.0,0.0,0.0,0.0,0.0,0.0,0.0,0.0,0.0,0.0,0.0,0.0,0.0,0.0,0.0,0.0,0.0,0.0,0.0,0.0,0.0,0.0,0.0,0.0,0.0,0.0,0.0,0.0,0.0,0.0,0.0,0.0,0.0019305019,0.0,0.0,0.0019305019,0.0,0.0019305019,0.0,0.0,0.0,0.0019305019,0.0,0.0,0.0,0.0,0.0038610038,0.0038610038,0.0,0.0,0.0,0.0019305019,0.0077220076,0.009652509,0.005791506,0.0,0.034749035,0.0019305019,0.011583012,0.009652509,0.009652509,0.0077220076,0.023166023,0.019305019,0.054054055,0.028957529,0.011583012,0.036679536,0.26447877,0.044401545,0.07915058,0.05984556,0.015444015,0.023166023,0.017374517,0.011583012,0.032818533,0.009652509,0.0,0.0038610038,0.09266409,0.0,0.0019305019,0.028957529,0.005791506,0.0077220076,0.0,0.005791506,0.0,0.0019305019,0.0,0.0019305019,0.0,0.0,0.0019305019,0.0,0.0,0.0,0.0,0.0,0.0,0.0,0.0,0.0,0.0,0.0,0.0,0.0,0.0,0.0,0.0,0.0,0.0,0.0,0.0,0.0,0.0,0.0,0.0,0.0,0.0,0.0,0.0,0.0,0.0,0.0,0.0]
[0.0,0.0,0.0,0.0,0.0,0.0,0.0,0.0,0.0,0.0,0.0,0.0,0.0,0.0,0.0,0.0,0.0,0.0,0.0,0.0,0.0,0.0,0.0,0.0,0.0,0.0,0.0,0.0,0.0,0.0,0.011627907,0.0,0.0029069767,0.0,0.023255814,0.0,0.0029069767,0.0,0.0,0.05232558,0.0,0.011627907,0.0,0.0,0.0058139535,0.0,0.0,0.0,0.0,0.0058139535,0.0,0.0029069767,0.0,0.0058139535,0.0,0.023255814,0.0029069767,0.0,0.008720931,0.0,0.0,0.029069768,0.0029069767,0.008720931,0.0058139535,0.014534884,0.06395349,0.05523256,0.04360465,0.037790697,0.14534883,0.093023255,0.008720931,0.09593023,0.017441861,0.023255814,0.011627907,0.014534884,0.029069768,0.0058139535,0.0,0.008720931,0.05523256,0.0,0.0029069767,0.023255814,0.0,0.0029069767,0.0058139535,0.0,0.023255814,0.0,0.0029069767,0.0,0.008720931,0.0,0.0,0.0,0.0,0.0,0.0,0.0,0.0,0.0,0.0,0.0,0.0,0.0,0.0,0.0,0.0,0.0,0.0,0.0,0.0,0.0,0.0,0.0,0.0,0.0,0.0,0.0,0.0,0.0,0.0,0.0,0.0,0.0]
[0.0,0.0,0.0,0.0,0.0,0.0,0.0,0.0,0.0,0.0,0.0,0.0,0.0,0.0,0.0,0.0,0.0,0.0,0.0,0.0,0.0,0.0,0.0,0.0,0.0012315271,0.0,0.0,0.0,0.0012315271,0.0,0.0,0.0,0.0049261083,0.0,0.0,0.0049261083,0.0,0.0036945813,0.0,0.0,0.0061576352,0.0,0.0,0.0,0.0012315271,0.0012315271,0.0,0.011083744,0.0,0.0,0.0012315271,0.0073891627,0.011083744,0.0012315271,0.0049261083,0.0012315271,0.02586207,0.0049261083,0.0,0.032019705,0.0049261083,0.0049261083,0.013546798,0.013546798,0.019704433,0.019704433,0.022167487,0.00862069,0.08990148,0.036945812,0.009852217,0.23399015,0.03448276,0.024630541,0.01724138,0.03817734,0.052955665,0.01724138,0.0036945813,0.01724138,0.030788178,0.0073891627,0.0,0.077586204,0.0,0.009852217,0.0024630541,0.0049261083,0.027093597,0.0024630541,0.0,0.0012315271,0.0123152705,0.0012315271,0.0,0.0061576352,0.0012315271,0.0036945813,0.0012315271,0.0012315271,0.0,0.0,0.0,0.0,0.0,0.0,0.0,0.0,0.0,0.0,0.0,0.0,0.0,0.0,0.0,0.0,0.0,0.0,0.0,0.0,0.0,0.0,0.0,0.0,0.0,0.0,0.0,0.0]
[0.0,0.0,0.0,0.0,0.0,0.0,0.0,0.0,0.0,0.0,0.0,0.0,0.0,0.0,0.0,0.0,0.0,0.0,0.0,0.0,0.0,0.0,0.0,0.0,0.0,0.0,0.0,0.0,0.0,0.0,0.0,0.0,0.0,0.0,0.0,0.0,0.0071090045,0.0023696683,0.0,0.0,0.0047393367,0.0047393367,0.0047393367,0.0,0.0023696683,0.0,0.0047393367,0.0023696683,0.011848342,0.0,0.0,0.0047393367,0.0047393367,0.0023696683,0.0047393367,0.0047393367,0.016587678,0.0047393367,0.0,0.0071090045,0.06398104,0.0,0.0047393367,0.016587678,0.035545025,0.0071090045,0.014218009,0.023696683,0.009478673,0.049763035,0.018957347,0.049763035,0.25592417,0.02606635,0.035545025,0.04028436,0.035545025,0.054502368,0.0023696683,0.009478673,0.014218009,0.028436018,0.0071090045,0.0047393367,0.054502368,0.0,0.0023696683,0.0023696683,0.016587678,0.0,0.0023696683,0.0023696683,0.0047393367,0.0047393367,0.0,0.0,0.0047393367,0.0,0.0,0.0023696683,0.0,0.0,0.0,0.0,0.0,0.0,0.0,0.0,0.0,0.0,0.0,0.0,0.0,0.0,0.0,0.0,0.0,0.0,0.0,0.0,0.0,0.0,0.0,0.0,0.0,0.0,0.0,0.0]
[0.0,0.0,0.0,0.0,0.0,0.0,0.0,0.0,0.0,0.0,0.0,0.0,0.0,0.0,0.0,0.0,0.0,0.0,0.0,0.0,0.0,0.0,0.0,0.0,0.0,0.0,0.0,0.0028571428,0.0,0.0,0.0,0.0,0.0,0.0,0.0,0.0,0.0028571428,0.022857143,0.0,0.0,0.0028571428,0.0,0.0,0.0057142857,0.0,0.0,0.0,0.0,0.0,0.0,0.0,0.0,0.0,0.0,0.0028571428,0.0,0.0057142857,0.0028571428,0.008571428,0.0,0.0057142857,0.042857144,0.0028571428,0.011428571,0.008571428,0.017142856,0.0057142857,0.011428571,0.0057142857,0.034285713,0.06285714,0.02,0.025714286,0.21714285,0.08,0.0028571428,0.071428575,0.03142857,0.03142857,0.0028571428,0.02,0.0057142857,0.045714285,0.014285714,0.0,0.08857143,0.008571428,0.0028571428,0.0028571428,0.0057142857,0.022857143,0.0,0.0,0.0,0.0057142857,0.0057142857,0.0,0.014285714,0.0,0.0,0.0057142857,0.0,0.0028571428,0.0,0.0,0.0,0.0,0.0,0.0,0.0,0.0,0.0,0.0,0.0,0.0,0.0,0.0,0.0,0.0,0.0,0.0,0.0,0.0,0.0,0.0,0.0,0.0,0.0]
[0.0,0.0,0.0,0.0,0.0,0.0,0.0,0.0,0.0,0.0,0.0,0.0,0.0,0.0,0.0,0.0,0.0,0.0,0.0,0.0,0.0,0.0,0.0,0.0,0.0,0.0,0.0,0.0,0.0,0.0,0.0,0.0,0.0,0.0,0.0,0.0,0.0,0.0,0.0,0.0,0.00295858,0.00295858,0.00295858,0.0,0.0,0.00295858,0.0,0.0,0.0,0.00591716,0.01183432,0.0,0.0,0.01183432,0.0,0.01183432,0.00295858,0.0,0.00591716,0.02366864,0.00295858,0.0,0.041420117,0.00295858,0.0147929,0.041420117,0.00591716,0.01775148,0.026627218,0.00887574,0.00295858,0.056213018,0.03254438,0.03550296,0.295858,0.0591716,0.07988165,0.0295858,0.00591716,0.02366864,0.0147929,0.026627218,0.00591716,0.01183432,0.0,0.0,0.053254437,0.0,0.0,0.0,0.00295858,0.0,0.00295858,0.0,0.0,0.0,0.0,0.00295858,0.00591716,0.0,0.0,0.0,0.0,0.00295858,0.0,0.0,0.0,0.0,0.0,0.0,0.0,0.0,0.0,0.0,0.0,0.0,0.0,0.0,0.0,0.0,0.0,0.0,0.0,0.0,0.0,0.0,0.0,0.0]
[0.0,0.0,0.0,0.0,0.0,0.0,0.0,0.0,0.0,0.0,0.0,0.0,0.0,0.0,0.0,0.0,0.0,0.0,0.0,0.0,0.0,0.0,0.0,0.0,0.0029411765,0.0,0.0,0.0,0.005882353,0.0,0.0,0.0,0.0029411765,0.0,0.023529412,0.014705882,0.0,0.0,0.0,0.005882353,0.0029411765,0.0,0.0,0.0,0.023529412,0.0029411765,0.0,0.00882353,0.00882353,0.0,0.0,0.038235296,0.005882353,0.0,0.029411765,0.005882353,0.0029411765,0.029411765,0.0029411765,0.014705882,0.0029411765,0.0,0.0,0.047058824,0.005882353,0.0,0.023529412,0.01764706,0.011764706,0.029411765,0.029411765,0.09411765,0.020588236,0.0029411765,0.03529412,0.16470589,0.047058824,0.020588236,0.047058824,0.00882353,0.026470589,0.011764706,0.005882353,0.029411765,0.01764706,0.0029411765,0.0029411765,0.026470589,0.0029411765,0.0,0.0,0.0,0.014705882,0.0,0.005882353,0.0,0.0029411765,0.0,0.0,0.005882353,0.0,0.0,0.0,0.0029411765,0.0,0.0,0.0,0.0,0.0,0.0,0.0,0.0,0.0,0.0,0.0,0.0,0.0,0.0,0.0,0.0,0.0,0.0,0.0,0.0,0.0,0.0,0.0,0.0]
[0.0,0.0,0.0,0.0,0.0,0.0,0.0,0.0,0.0,0.0,0.0,0.0,0.0,0.0,0.0,0.0,0.0,0.0,0.0,0.0,0.0,0.0,0.0,0.0,0.0,0.0,0.0,0.0,0.0,0.0,0.0,0.0,0.0,0.0014005603,0.0,0.0028011205,0.0014005603,0.0,0.0,0.0,0.008403362,0.0,0.0,0.0,0.0014005603,0.0014005603,0.0014005603,0.007002801,0.0014005603,0.0,0.0,0.0014005603,0.026610645,0.0014005603,0.004201681,0.004201681,0.029411765,0.0,0.0,0.033613447,0.008403362,0.011204482,0.005602241,0.004201681,0.071428575,0.0028011205,0.0028011205,0.019607844,0.026610645,0.008403362,0.008403362,0.05322129,0.028011205,0.026610645,0.019607844,0.009803922,0.22128852,0.030812325,0.022408964,0.030812325,0.077030815,0.019607844,0.0014005603,0.05042017,0.008403362,0.008403362,0.0028011205,0.0,0.06162465,0.0014005603,0.0,0.0014005603,0.012605042,0.0,0.0,0.009803922,0.0,0.004201681,0.0,0.0,0.0014005603,0.0,0.0,0.0,0.0,0.0,0.0,0.0,0.0,0.0,0.0,0.0,0.0,0.0,0.0,0.0,0.0,0.0,0.0,0.0,0.0,0.0,0.0,0.0,0.0,0.0,0.0,0.0]
[0.0,0.0,0.0,0.0,0.0,0.0,0.0,0.0,0.0,0.0,0.0,0.0,0.0,0.0,0.0,0.0,0.0,0.0,0.0,0.0,0.0,0.0,0.0,0.0,0.0,0.0,0.0,0.0,0.0,0.0,0.0,0.0,0.0,0.0,0.0,0.0,0.0056818184,0.0028409092,0.0,0.0,0.0,0.0028409092,0.0,0.0,0.0028409092,0.0,0.0028409092,0.0,0.011363637,0.0,0.0085227275,0.0,0.0,0.0085227275,0.0,0.0,0.0028409092,0.0085227275,0.0028409092,0.0085227275,0.022727273,0.017045455,0.011363637,0.0,0.0,0.07954545,0.011363637,0.0085227275,0.019886363,0.056818184,0.014204546,0.022727273,0.03409091,0.022727273,0.042613637,0.017045455,0.019886363,0.2215909,0.051136363,0.036931816,0.05965909,0.056818184,0.019886363,0.017045455,0.011363637,0.017045455,0.0085227275,0.0056818184,0.0028409092,0.011363637,0.0,0.0,0.0,0.0,0.0,0.0,0.0056818184,0.0028409092,0.0,0.0,0.0,0.0028409092,0.0,0.0,0.0,0.0,0.0,0.0,0.0,0.0,0.0,0.0,0.0,0.0,0.0,0.0,0.0,0.0,0.0,0.0,0.0,0.0,0.0,0.0,0.0,0.0,0.0,0.0]
[0.0,0.0,0.0,0.0,0.0,0.0,0.0,0.0,0.0,0.0,0.0,0.0,0.0,0.0,0.0,0.0,0.0,0.0,0.0,0.0,0.0,0.0,0.0,0.0,0.0,0.0,0.0,0.0,0.0033333334,0.0,0.0,0.0,0.0,0.0,0.0,0.0033333334,0.0,0.013333334,0.016666668,0.01,0.0033333334,0.0033333334,0.006666667,0.0,0.0,0.0,0.0,0.01,0.0033333334,0.0,0.0,0.006666667,0.01,0.0,0.036666665,0.0,0.0,0.013333334,0.0033333334,0.02,0.016666668,0.0,0.0033333334,0.016666668,0.0033333334,0.0033333334,0.043333333,0.0033333334,0.006666667,0.02,0.026666667,0.03,0.01,0.03,0.013333334,0.026666667,0.02,0.016666668,0.23,0.04,0.06,0.016666668,0.033333335,0.01,0.02,0.013333334,0.0033333334,0.013333334,0.0033333334,0.0,0.07333333,0.0033333334,0.0,0.0,0.013333334,0.0,0.0,0.01,0.0,0.0,0.0,0.0,0.0033333334,0.0,0.0,0.0,0.0,0.0,0.0,0.0,0.0,0.0,0.0,0.0,0.0,0.0,0.0,0.0,0.0,0.0,0.0,0.0,0.0,0.0,0.0,0.0,0.0,0.0]
[0.0,0.0,0.0,0.0,0.0,0.0,0.0,0.0,0.0,0.0,0.0,0.0,0.0,0.0,0.0,0.0,0.0,0.0,0.0,0.0,0.0,0.0,0.0,0.0,0.0,0.0,0.0,0.0,0.0,0.0,0.0,0.0076923077,0.0,0.0,0.0,0.0,0.0,0.0,0.0,0.0,0.0,0.0038461538,0.0,0.0,0.0,0.0,0.011538462,0.0038461538,0.0076923077,0.0038461538,0.0038461538,0.0,0.03846154,0.0,0.0,0.01923077,0.0076923077,0.0,0.0076923077,0.015384615,0.026923077,0.0,0.015384615,0.0,0.042307694,0.0,0.0076923077,0.092307694,0.0,0.0076923077,0.011538462,0.026923077,0.03076923,0.0,0.034615386,0.01923077,0.023076924,0.011538462,0.026923077,0.25,0.057692308,0.03076923,0.03076923,0.053846154,0.011538462,0.0038461538,0.015384615,0.0038461538,0.0038461538,0.0,0.0,0.023076924,0.0,0.0,0.0,0.0038461538,0.0,0.0,0.0,0.0038461538,0.0,0.0,0.0,0.0,0.0,0.0,0.0,0.0,0.0,0.0,0.0,0.0,0.0,0.0,0.0,0.0,0.0,0.0,0.0,0.0,0.0,0.0,0.0,0.0,0.0,0.0,0.0,0.0]
[0.0,0.0,0.0,0.0,0.0,0.0,0.0,0.0,0.0,0.0,0.0,0.0,0.0,0.0,0.0,0.0,0.0,0.0,0.0,0.0,0.0,0.0,0.0,0.0,0.0016286644,0.0,0.0,0.0,0.008143323,0.0,0.0,0.0,0.0,0.0,0.0,0.0016286644,0.0,0.0,0.0,0.0,0.011400651,0.0,0.0,0.0,0.008143323,0.0,0.0016286644,0.0065146578,0.0016286644,0.0,0.0032573289,0.0016286644,0.037459284,0.0016286644,0.0016286644,0.0,0.052117262,0.0016286644,0.0,0.0504886,0.0032573289,0.0065146578,0.0032573289,0.0016286644,0.037459284,0.0048859934,0.0,0.0016286644,0.057003256,0.0016286644,0.0,0.034201954,0.0032573289,0.016286645,0.0032573289,0.008143323,0.086319216,0.029315962,0.008143323,0.008143323,0.1465798,0.03583062,0.019543974,0.07491857,0.011400651,0.0130293155,0.0048859934,0.0032573289,0.1335505,0.0032573289,0.0,0.0,0.030944625,0.0,0.0,0.0048859934,0.0032573289,0.0032573289,0.0,0.0032573289,0.0032573289,0.0,0.0,0.0,0.0,0.0,0.0,0.0,0.0,0.0,0.0,0.0,0.0,0.0,0.0,0.0,0.0,0.0,0.0,0.0,0.0,0.0,0.0,0.0,0.0,0.0,0.0,0.0]
[0.0,0.0,0.0,0.0,0.0,0.0,0.0,0.0,0.0,0.0,0.0,0.0,0.0,0.0,0.0,0.0,0.0,0.0,0.0,0.0,0.0,0.0,0.0,0.0,0.0,0.0,0.0,0.0,0.0028735632,0.0,0.0,0.0,0.0,0.0,0.0,0.0028735632,0.0,0.0,0.0,0.0,0.0,0.0,0.0028735632,0.0,0.0028735632,0.0,0.0028735632,0.0,0.0057471264,0.0,0.0,0.0028735632,0.0,0.0028735632,0.0028735632,0.0028735632,0.0028735632,0.011494253,0.0,0.011494253,0.031609196,0.0028735632,0.014367816,0.00862069,0.03448276,0.08045977,0.00862069,0.0057471264,0.0028735632,0.077586204,0.0057471264,0.020114943,0.020114943,0.020114943,0.00862069,0.014367816,0.028735632,0.05172414,0.020114943,0.014367816,0.028735632,0.22413793,0.022988506,0.03448276,0.03735632,0.03735632,0.022988506,0.014367816,0.014367816,0.0028735632,0.0028735632,0.0028735632,0.0,0.014367816,0.0028735632,0.0,0.0028735632,0.0,0.0,0.0,0.0,0.0057471264,0.0,0.0,0.0,0.0,0.0,0.0,0.0,0.0,0.0,0.0,0.0,0.0,0.0,0.0,0.0,0.0,0.0,0.0,0.0,0.0,0.0,0.0,0.0,0.0,0.0,0.0]
[0.0,0.0,0.0,0.0,0.0,0.0,0.0,0.0,0.0,0.0,0.0,0.0,0.0,0.0,0.0,0.0,0.0,0.0,0.0,0.0,0.0,0.0,0.0,0.0,0.0,0.0,0.0,0.0,0.0,0.0,0.0,0.0,0.0,0.0,0.0,0.004237288,0.0,0.0,0.0,0.004237288,0.0,0.0,0.0,0.012711864,0.0,0.004237288,0.008474576,0.0,0.0,0.0,0.0,0.004237288,0.004237288,0.0,0.004237288,0.012711864,0.0,0.0,0.021186441,0.0,0.0,0.004237288,0.004237288,0.0,0.012711864,0.0,0.012711864,0.004237288,0.0,0.004237288,0.076271184,0.008474576,0.0,0.038135592,0.0,0.004237288,0.016949153,0.033898305,0.04661017,0.021186441,0.004237288,0.033898305,0.16949153,0.06779661,0.008474576,0.15254237,0.016949153,0.012711864,0.0,0.004237288,0.06779661,0.012711864,0.004237288,0.0,0.033898305,0.0,0.004237288,0.008474576,0.0,0.012711864,0.0,0.0,0.016949153,0.0,0.0,0.0,0.0,0.0,0.0,0.0,0.0,0.0,0.0,0.0,0.0,0.0,0.0,0.0,0.0,0.0,0.0,0.0,0.0,0.0,0.0,0.0,0.0,0.0]
[0.0,0.0,0.0,0.0,0.0,0.0,0.0,0.0,0.0,0.0,0.0,0.0,0.0,0.0,0.0,0.0,0.0,0.0,0.0,0.0,0.0,0.0,0.0,0.0,0.0,0.0,0.0,0.0,0.0018726592,0.0,0.0,0.0,0.0,0.0,0.0,0.0018726592,0.0,0.0,0.0,0.0018726592,0.0037453184,0.0,0.0018726592,0.0037453184,0.0018726592,0.0018726592,0.0,0.0093632955,0.0,0.0056179776,0.0018726592,0.0056179776,0.016853932,0.0,0.0056179776,0.0037453184,0.011235955,0.0056179776,0.0,0.035580523,0.0,0.0018726592,0.013108614,0.007490637,0.018726591,0.0018726592,0.007490637,0.011235955,0.018726591,0.0056179776,0.0,0.08239701,0.0018726592,0.011235955,0.011235955,0.007490637,0.061797753,0.0093632955,0.018726591,0.026217228,0.050561797,0.02434457,0.0056179776,0.17602997,0.029962547,0.018726591,0.016853932,0.041198503,0.056179777,0.0056179776,0.011235955,0.0037453184,0.099250935,0.0,0.0,0.020599252,0.0,0.0,0.0,0.0018726592,0.0018726592,0.0,0.0,0.0,0.0,0.0,0.0,0.0,0.0,0.0,0.0,0.0,0.0,0.0,0.0,0.0,0.0,0.0,0.0,0.0,0.0,0.0,0.0,0.0,0.0,0.0,0.0,0.0]
[0.0,0.0,0.0,0.0,0.0,0.0,0.0,0.0,0.0,0.0,0.0,0.0,0.0,0.0,0.0,0.0,0.0,0.0,0.0,0.0,0.0,0.0,0.0,0.0,0.0,0.0,0.0,0.0,0.0,0.0,0.0,0.0,0.0,0.0,0.0,0.0,0.0,0.0,0.0,0.0040650405,0.0040650405,0.0,0.0,0.020325202,0.0,0.0,0.0040650405,0.0,0.0040650405,0.0,0.0,0.0121951215,0.0,0.0,0.0,0.0,0.0,0.016260162,0.0,0.0040650405,0.0121951215,0.0040650405,0.0,0.0040650405,0.036585364,0.0,0.0121951215,0.0121951215,0.0121951215,0.05284553,0.0,0.0040650405,0.10569106,0.0040650405,0.0,0.032520324,0.028455285,0.0121951215,0.0121951215,0.008130081,0.032520324,0.024390243,0.040650405,0.036585364,0.14634146,0.008130081,0.020325202,0.020325202,0.05284553,0.09756097,0.0121951215,0.0040650405,0.020325202,0.016260162,0.0040650405,0.008130081,0.020325202,0.0,0.0,0.0040650405,0.0,0.0040650405,0.0,0.0040650405,0.0,0.0,0.0,0.0,0.0,0.0,0.0,0.0,0.0,0.0,0.0,0.0,0.0,0.0,0.0,0.0,0.0,0.0,0.0,0.0,0.0,0.0,0.0,0.0]
[0.0,0.0,0.0,0.0,0.0,0.0,0.0,0.0,0.0,0.0,0.0,0.0,0.0,0.0,0.0,0.0,0.0,0.0,0.0,0.0,0.0,0.0,0.0,0.0,0.0,0.0,0.0,0.0,0.0,0.0,0.0,0.0042735045,0.0,0.0,0.0,0.0,0.0,0.0042735045,0.0,0.0,0.0,0.0,0.0,0.0,0.008547009,0.0,0.0,0.0,0.0,0.0042735045,0.0,0.0,0.008547009,0.0,0.0042735045,0.0,0.0042735045,0.008547009,0.0042735045,0.008547009,0.0,0.008547009,0.0,0.0,0.017094018,0.0042735045,0.021367522,0.0,0.017094018,0.0042735045,0.034188036,0.0042735045,0.0,0.11965812,0.0,0.008547009,0.051282052,0.008547009,0.0042735045,0.008547009,0.02991453,0.025641026,0.06837607,0.03846154,0.03846154,0.102564104,0.05982906,0.0,0.02991453,0.012820513,0.08547009,0.0,0.05982906,0.0,0.034188036,0.0,0.0,0.034188036,0.0,0.0042735045,0.0,0.0042735045,0.0,0.0,0.0,0.0,0.0,0.0,0.0,0.0,0.0,0.0,0.0,0.0,0.0,0.0,0.0,0.0,0.0,0.0,0.0,0.0,0.0,0.0,0.0,0.0,0.0,0.0]
[0.0,0.0,0.0,0.0,0.0,0.0,0.0,0.0,0.0,0.0,0.0,0.0,0.0,0.0,0.0,0.0,0.0,0.0,0.0,0.0,0.0,0.0,0.0,0.0,0.0,0.0,0.0,0.0,0.0,0.0,0.0,0.0,0.0,0.0,0.0,0.0,0.0,0.0,0.0,0.0,0.0,0.0,0.0,0.0,0.0054347827,0.0,0.0,0.0054347827,0.0,0.0,0.016304348,0.0,0.0,0.02173913,0.0,0.0,0.0,0.010869565,0.0,0.0,0.0054347827,0.0,0.016304348,0.0,0.0,0.032608695,0.0,0.016304348,0.010869565,0.010869565,0.0054347827,0.010869565,0.0,0.0,0.10869565,0.0054347827,0.016304348,0.0054347827,0.0,0.016304348,0.010869565,0.027173912,0.048913043,0.08152174,0.027173912,0.02173913,0.19565217,0.048913043,0.010869565,0.038043477,0.0,0.11413044,0.0,0.010869565,0.010869565,0.016304348,0.0,0.0,0.010869565,0.0054347827,0.0,0.0,0.0,0.0,0.0,0.0,0.0,0.0,0.0,0.0,0.0,0.0,0.0,0.0,0.0,0.0,0.0,0.0,0.0,0.0,0.0,0.0,0.0,0.0,0.0,0.0,0.0,0.0]
[0.0,0.0,0.0,0.0,0.0,0.0,0.0,0.0,0.0,0.0,0.0,0.0,0.0,0.0,0.0,0.0,0.0,0.0,0.0,0.0,0.0,0.0,0.0,0.0,0.0,0.0,0.0,0.0,0.0,0.0,0.0,0.0,0.012658228,0.0,0.0,0.006329114,0.0,0.0,0.0,0.006329114,0.0,0.0,0.006329114,0.0,0.006329114,0.006329114,0.006329114,0.006329114,0.0,0.0,0.0,0.01898734,0.0,0.006329114,0.006329114,0.0,0.012658228,0.0,0.0,0.01898734,0.006329114,0.0,0.0,0.03797468,0.006329114,0.006329114,0.01898734,0.0,0.01898734,0.0,0.01898734,0.03164557,0.006329114,0.006329114,0.0,0.056962024,0.006329114,0.006329114,0.0,0.01898734,0.012658228,0.01898734,0.025316456,0.094936706,0.01898734,0.006329114,0.044303797,0.12025317,0.050632913,0.0,0.03164557,0.03164557,0.07594936,0.012658228,0.006329114,0.012658228,0.025316456,0.0,0.0,0.03797468,0.0,0.0,0.0,0.006329114,0.0,0.0,0.0,0.0,0.0,0.0,0.0,0.0,0.0,0.0,0.0,0.0,0.0,0.0,0.0,0.0,0.0,0.0,0.0,0.0,0.0,0.0,0.0,0.0]
[0.0,0.0,0.0,0.0,0.0,0.0,0.0,0.0,0.0,0.0,0.0,0.0,0.0,0.0,0.0,0.0,0.0,0.0,0.0,0.0,0.0,0.0,0.0,0.0,0.0021645022,0.0,0.0,0.0,0.008658009,0.0,0.0,0.0,0.0043290043,0.0,0.0,0.0043290043,0.0021645022,0.0021645022,0.0,0.0021645022,0.021645023,0.0,0.0021645022,0.0021645022,0.015151516,0.0021645022,0.0,0.0064935065,0.0,0.0043290043,0.0,0.0,0.008658009,0.0,0.0021645022,0.0,0.015151516,0.0021645022,0.0,0.034632035,0.010822511,0.0021645022,0.0021645022,0.0021645022,0.058441557,0.0021645022,0.0064935065,0.021645023,0.032467533,0.0021645022,0.0,0.04978355,0.015151516,0.0021645022,0.0021645022,0.0021645022,0.077922076,0.0,0.0021645022,0.0043290043,0.11904762,0.0043290043,0.0,0.056277055,0.030303031,0.0021645022,0.0021645022,0.0043290043,0.10606061,0.021645023,0.0064935065,0.012987013,0.030303031,0.0,0.0021645022,0.07359307,0.0,0.07359307,0.0,0.0,0.015151516,0.0,0.0,0.0,0.0,0.0,0.0,0.0,0.0,0.0,0.0,0.0,0.0,0.0,0.0,0.0,0.0,0.0,0.0,0.0,0.0,0.0,0.0,0.0,0.0,0.0,0.0,0.0]
[0.0,0.0,0.0,0.0,0.0,0.0,0.0,0.0,0.0,0.0,0.0,0.0,0.0,0.0,0.0,0.0,0.0,0.0,0.0,0.0,0.0,0.0,0.0,0.0,0.0,0.0,0.0,0.0,0.0,0.0,0.0,0.0,0.0,0.0,0.0,0.0,0.0,0.0,0.023809524,0.0,0.0,0.015873017,0.0,0.0,0.0,0.0,0.0,0.0,0.0,0.0,0.0,0.0,0.0,0.0,0.0,0.0,0.015873017,0.023809524,0.0,0.0,0.0,0.0,0.015873017,0.0,0.007936508,0.007936508,0.0,0.007936508,0.007936508,0.007936508,0.0,0.023809524,0.015873017,0.0,0.0,0.007936508,0.0,0.031746034,0.007936508,0.0,0.03968254,0.031746034,0.015873017,0.031746034,0.14285715,0.0,0.055555556,0.007936508,0.023809524,0.25396827,0.04761905,0.023809524,0.023809524,0.015873017,0.0,0.0,0.023809524,0.007936508,0.0,0.0,0.0,0.031746034,0.0,0.0,0.0,0.0,0.0,0.0,0.0,0.0,0.0,0.0,0.0,0.0,0.0,0.0,0.0,0.0,0.0,0.0,0.0,0.0,0.0,0.0,0.0,0.0,0.0,0.0]
[0.0,0.0,0.0,0.0,0.0,0.0,0.0,0.0,0.0,0.0,0.0,0.0,0.0,0.0,0.0,0.0,0.0,0.0,0.0,0.0,0.0,0.0,0.0,0.0,0.0,0.0,0.0,0.0,0.0,0.0,0.0,0.0,0.0,0.0,0.0,0.0064102565,0.0,0.0,0.0,0.0,0.012820513,0.0064102565,0.01923077,0.0,0.0,0.0,0.0,0.012820513,0.0064102565,0.0,0.0,0.012820513,0.0064102565,0.0,0.012820513,0.0,0.0064102565,0.0064102565,0.0,0.0064102565,0.0,0.0,0.0,0.0,0.0,0.0064102565,0.012820513,0.0,0.012820513,0.0,0.025641026,0.012820513,0.0,0.057692308,0.0,0.01923077,0.0064102565,0.0064102565,0.07692308,0.0,0.012820513,0.01923077,0.15384616,0.01923077,0.025641026,0.051282052,0.01923077,0.01923077,0.0,0.025641026,0.12820514,0.0064102565,0.01923077,0.0,0.025641026,0.012820513,0.0,0.057692308,0.0,0.025641026,0.0,0.0,0.025641026,0.0,0.0,0.0,0.0,0.0,0.0,0.0,0.0,0.0,0.0,0.0,0.0,0.0,0.0,0.0,0.0,0.0,0.0,0.0,0.0,0.0,0.0,0.0,0.0,0.0]
[0.0,0.0,0.0,0.0,0.0,0.0,0.0,0.0,0.0,0.0,0.0,0.0,0.0,0.0,0.0,0.0,0.0,0.0,0.0,0.0,0.0,0.0,0.0,0.0,0.0,0.0,0.0,0.0,0.0,0.0,0.0,0.0,0.0,0.0,0.0,0.0,0.0,0.0,0.0,0.0,0.0,0.0,0.0,0.023255814,0.0,0.0,0.0,0.0,0.0,0.0,0.0,0.011627907,0.0,0.0,0.0,0.0,0.0,0.0,0.0,0.011627907,0.0,0.0,0.0,0.0,0.0,0.0,0.0,0.034883723,0.0,0.0,0.011627907,0.023255814,0.011627907,0.011627907,0.0,0.011627907,0.023255814,0.0,0.0,0.046511628,0.011627907,0.0,0.023255814,0.034883723,0.011627907,0.011627907,0.22093023,0.023255814,0.058139537,0.0,0.0,0.19767442,0.069767445,0.011627907,0.034883723,0.023255814,0.0,0.0,0.023255814,0.0,0.0,0.011627907,0.0,0.011627907,0.0,0.0,0.0,0.0,0.0,0.0,0.0,0.0,0.0,0.0,0.0,0.0,0.0,0.0,0.0,0.0,0.0,0.0,0.0,0.0,0.0,0.0,0.0,0.0]
[0.0,0.0,0.0,0.0,0.0,0.0,0.0,0.0,0.0,0.0,0.0,0.0,0.0,0.0,0.0,0.0,0.0,0.0,0.0,0.0,0.0,0.0,0.0,0.0,0.0,0.0,0.0,0.0,0.012096774,0.0,0.0,0.0,0.008064516,0.0,0.0,0.004032258,0.008064516,0.004032258,0.0,0.004032258,0.02016129,0.0,0.004032258,0.0,0.016129032,0.0,0.0,0.008064516,0.0,0.004032258,0.004032258,0.004032258,0.02016129,0.0,0.0,0.0,0.008064516,0.0,0.0,0.02016129,0.0,0.0,0.0,0.0,0.02016129,0.0,0.02016129,0.0,0.076612905,0.0,0.0,0.05645161,0.024193548,0.016129032,0.004032258,0.008064516,0.03629032,0.004032258,0.012096774,0.0,0.07258064,0.0,0.004032258,0.10483871,0.02016129,0.04032258,0.008064516,0.016129032,0.10080645,0.008064516,0.004032258,0.004032258,0.076612905,0.004032258,0.0,0.04032258,0.008064516,0.02016129,0.004032258,0.012096774,0.016129032,0.008064516,0.0,0.0,0.0,0.0,0.0,0.0,0.0,0.0,0.0,0.0,0.0,0.0,0.0,0.0,0.0,0.0,0.0,0.0,0.0,0.0,0.0,0.0,0.0,0.0,0.0,0.0]
[0.0,0.0,0.0,0.0,0.0,0.0,0.0,0.0,0.0,0.0,0.0,0.0,0.0,0.0,0.0,0.0,0.0,0.0,0.0,0.0,0.0,0.0,0.0,0.0,0.0,0.0,0.0,0.0,0.0,0.0,0.0,0.0,0.0,0.0,0.0,0.0,0.0,0.0,0.0,0.02631579,0.02631579,0.0,0.0,0.0,0.0,0.078947365,0.0,0.02631579,0.02631579,0.0,0.0,0.0,0.0,0.02631579,0.0,0.0,0.0,0.0,0.0,0.0,0.02631579,0.0,0.0,0.0,0.05263158,0.0,0.02631579,0.0,0.0,0.0,0.0,0.0,0.02631579,0.0,0.0,0.05263158,0.0,0.02631579,0.02631579,0.0,0.0,0.02631579,0.02631579,0.05263158,0.02631579,0.0,0.02631579,0.0,0.02631579,0.10526316,0.078947365,0.0,0.02631579,0.02631579,0.0,0.0,0.13157895,0.0,0.0,0.0,0.0,0.0,0.0,0.0,0.0,0.0,0.0,0.0,0.0,0.0,0.0,0.0,0.0,0.0,0.0,0.0,0.0,0.0,0.0,0.0,0.0,0.0,0.0,0.0,0.0,0.0,0.0,0.0]
[0.0,0.0,0.0,0.0,0.0,0.0,0.0,0.0,0.0,0.0,0.0,0.0,0.0,0.0,0.0,0.0,0.0,0.0,0.0,0.0,0.0,0.0,0.0,0.0,0.0,0.0,0.0,0.0,0.0,0.0,0.0,0.0,0.0,0.0,0.0,0.0,0.0,0.0,0.01923077,0.0,0.0,0.0,0.01923077,0.0,0.0,0.0,0.01923077,0.0,0.0,0.0,0.0,0.0,0.0,0.0,0.0,0.0,0.0,0.0,0.0,0.0,0.01923077,0.0,0.0,0.0,0.0,0.0,0.0,0.0,0.0,0.0,0.057692308,0.0,0.0,0.07692308,0.0,0.03846154,0.0,0.0,0.01923077,0.0,0.01923077,0.01923077,0.057692308,0.0,0.01923077,0.07692308,0.07692308,0.07692308,0.0,0.01923077,0.15384616,0.03846154,0.0,0.0,0.0,0.0,0.0,0.07692308,0.03846154,0.03846154,0.0,0.0,0.01923077,0.0,0.0,0.0,0.0,0.0,0.0,0.0,0.0,0.0,0.0,0.0,0.0,0.0,0.0,0.0,0.0,0.0,0.0,0.0,0.0,0.0,0.0,0.0,0.0,0.0]
[0.0,0.0,0.0,0.0,0.0,0.0,0.0,0.0,0.0,0.0,0.0,0.0,0.0,0.0,0.0,0.0,0.0,0.0,0.0,0.0,0.0,0.0,0.0,0.0,0.0,0.0,0.0,0.0,0.033898305,0.0,0.0,0.0,0.0,0.0,0.0,0.008474576,0.008474576,0.0,0.0,0.016949153,0.0,0.0,0.0,0.0,0.016949153,0.0,0.0,0.025423728,0.0,0.0,0.0,0.008474576,0.0,0.0,0.0,0.0,0.008474576,0.008474576,0.0,0.016949153,0.0,0.0,0.0,0.0,0.050847456,0.0,0.025423728,0.016949153,0.033898305,0.008474576,0.008474576,0.076271184,0.0,0.008474576,0.0,0.0,0.076271184,0.008474576,0.0,0.0,0.050847456,0.008474576,0.0,0.050847456,0.016949153,0.008474576,0.0,0.025423728,0.1779661,0.008474576,0.008474576,0.016949153,0.042372882,0.008474576,0.0,0.008474576,0.0,0.025423728,0.042372882,0.008474576,0.016949153,0.0,0.0,0.008474576,0.0,0.0,0.0,0.0,0.0,0.0,0.0,0.0,0.0,0.0,0.0,0.0,0.0,0.0,0.0,0.0,0.0,0.0,0.0,0.0,0.0,0.0,0.0,0.0]
[0.0,0.0,0.0,0.0,0.0,0.0,0.0,0.0,0.0,0.0,0.0,0.0,0.0,0.0,0.0,0.0,0.0,0.0,0.0,0.0,0.0,0.0,0.0,0.0,0.0,0.0,0.0,0.0,0.0,0.0,0.0,0.0,0.0,0.0,0.0,0.0,0.0,0.0,0.0,0.055555556,0.0,0.0,0.0,0.0,0.0,0.0,0.0,0.0,0.0,0.0,0.0,0.0,0.0,0.0,0.0,0.0,0.0,0.0,0.0,0.0,0.0,0.0,0.0,0.0,0.027777778,0.0,0.0,0.0,0.0,0.027777778,0.0,0.027777778,0.1388889,0.0,0.0,0.027777778,0.0,0.0,0.0,0.0,0.027777778,0.0,0.0,0.055555556,0.055555556,0.0,0.0,0.055555556,0.0,0.055555556,0.027777778,0.055555556,0.16666667,0.055555556,0.0,0.0,0.0,0.027777778,0.0,0.055555556,0.0,0.055555556,0.0,0.0,0.0,0.0,0.0,0.0,0.0,0.0,0.0,0.0,0.0,0.0,0.0,0.0,0.0,0.0,0.0,0.0,0.0,0.0,0.0,0.0,0.0,0.0,0.0,0.0]
[0.0,0.0,0.0,0.0,0.0,0.0,0.0,0.0,0.0,0.0,0.0,0.0,0.0,0.0,0.0,0.0,0.0,0.0,0.0,0.0,0.0,0.0,0.0,0.0,0.0,0.0,0.0,0.0,0.01,0.0,0.0,0.0,0.0,0.0,0.0,0.0,0.0,0.01,0.0,0.0,0.02,0.0,0.0,0.0,0.01,0.0,0.0,0.02,0.0,0.0,0.0,0.0,0.0,0.0,0.0,0.0,0.03,0.0,0.0,0.01,0.0,0.01,0.0,0.0,0.02,0.01,0.04,0.0,0.07,0.0,0.06,0.07,0.0,0.02,0.0,0.0,0.02,0.0,0.05,0.0,0.03,0.01,0.01,0.05,0.0,0.09,0.0,0.0,0.18,0.0,0.01,0.0,0.06,0.0,0.03,0.0,0.0,0.0,0.0,0.02,0.01,0.01,0.01,0.0,0.0,0.0,0.0,0.0,0.0,0.0,0.0,0.0,0.0,0.0,0.0,0.0,0.0,0.0,0.0,0.0,0.0,0.0,0.0,0.0,0.0,0.0,0.0,0.0]
[0.0,0.0,0.0,0.0,0.0,0.0,0.0,0.0,0.0,0.0,0.0,0.0,0.0,0.0,0.0,0.0,0.0,0.0,0.0,0.0,0.0,0.0,0.0,0.0,0.0,0.0,0.0,0.0,0.0,0.0,0.0,0.0,0.0,0.0,0.0,0.0,0.0,0.0,0.0,0.0,0.0,0.0,0.0,0.0,0.0,0.0,0.0,0.0,0.0,0.0,0.0,0.0,0.0,0.0,0.0,0.0,0.0,0.0,0.0,0.0,0.0,0.0,0.0,0.0,0.0,0.125,0.0,0.0,0.0,0.0,0.0625,0.0625,0.0,0.0625,0.0625,0.0,0.0625,0.0,0.0,0.0,0.0,0.0,0.0,0.0625,0.0,0.0,0.125,0.0,0.0,0.0,0.0,0.0625,0.0,0.0,0.0,0.1875,0.0,0.0,0.0,0.0,0.0,0.0,0.0,0.125,0.0,0.0,0.0,0.0,0.0,0.0,0.0,0.0,0.0,0.0,0.0,0.0,0.0,0.0,0.0,0.0,0.0,0.0,0.0,0.0,0.0,0.0,0.0,0.0]
[0.0,0.0,0.0,0.0,0.0,0.0,0.0,0.0,0.0,0.0,0.0,0.0,0.0,0.0,0.0,0.0,0.0,0.0,0.0,0.0,0.0,0.0,0.0,0.0,0.0,0.0,0.0,0.0,0.0,0.0,0.0,0.0,0.0,0.0,0.0,0.0,0.0,0.0,0.0,0.0,0.0,0.0,0.0,0.0,0.0,0.0,0.0,0.0,0.0,0.0,0.0,0.0,0.0,0.0,0.0,0.0,0.0,0.0,0.0,0.0,0.0,0.027777778,0.0,0.0,0.0,0.055555556,0.0,0.027777778,0.055555556,0.0,0.055555556,0.0,0.055555556,0.0,0.0,0.0,0.027777778,0.0,0.055555556,0.0,0.027777778,0.0,0.027777778,0.0,0.027777778,0.0,0.027777778,0.16666667,0.027777778,0.0,0.055555556,0.027777778,0.083333336,0.0,0.055555556,0.027777778,0.0,0.027777778,0.0,0.0,0.0,0.0,0.055555556,0.0,0.0,0.0,0.0,0.0,0.0,0.0,0.0,0.0,0.0,0.0,0.0,0.0,0.0,0.0,0.0,0.0,0.0,0.0,0.0,0.0,0.0,0.0,0.0,0.0]
[0.0,0.0,0.0,0.0,0.0,0.0,0.0,0.0,0.0,0.0,0.0,0.0,0.0,0.0,0.0,0.0,0.0,0.0,0.0,0.0,0.0,0.0,0.0,0.0,0.0,0.0,0.0,0.0,0.0,0.0,0.0,0.0,0.0,0.0,0.0,0.0,0.0,0.0,0.0,0.0,0.045454547,0.0,0.0,0.0,0.0,0.0,0.0,0.0,0.0,0.0,0.0,0.0,0.0,0.0,0.0,0.0,0.0,0.0,0.0,0.0,0.0,0.0,0.0,0.045454547,0.0,0.0,0.0,0.045454547,0.0,0.0,0.0,0.045454547,0.0,0.0,0.0,0.045454547,0.045454547,0.0,0.0,0.0,0.09090909,0.0,0.0,0.045454547,0.0,0.045454547,0.0,0.0,0.09090909,0.0,0.0,0.0,0.13636364,0.045454547,0.045454547,0.13636364,0.045454547,0.0,0.0,0.045454547,0.0,0.0,0.0,0.0,0.0,0.0,0.0,0.0,0.0,0.0,0.0,0.0,0.0,0.0,0.0,0.0,0.0,0.0,0.0,0.0,0.0,0.0,0.0,0.0,0.0,0.0,0.0,0.0]
[0.0,0.0,0.0,0.0,0.0,0.0,0.0,0.0,0.0,0.0,0.0,0.0,0.0,0.0,0.0,0.0,0.0,0.0,0.0,0.0,0.0,0.0,0.0,0.0,0.0,0.0,0.0,0.0,0.0,0.0,0.0,0.0,0.0,0.0,0.0,0.0,0.0,0.0,0.0,0.0,0.0,0.0,0.0,0.0,0.0,0.0,0.0,0.0,0.0,0.0,0.0,0.0,0.0,0.0,0.0,0.0,0.0,0.0,0.0,0.0,0.0,0.0,0.0,0.0,0.0,0.0,0.0,0.0,0.0,0.0,0.0,0.0,0.0625,0.0625,0.0625,0.0,0.0,0.0625,0.0625,0.0,0.0,0.0,0.125,0.0,0.125,0.0,0.0,0.0,0.0625,0.1875,0.0,0.0625,0.0,0.0625,0.0,0.0,0.0,0.0625,0.0,0.0,0.0,0.0,0.0,0.0,0.0,0.0,0.0,0.0,0.0,0.0,0.0,0.0,0.0,0.0,0.0,0.0,0.0,0.0,0.0,0.0,0.0,0.0,0.0,0.0,0.0,0.0,0.0,0.0]
[0.0,0.0,0.0,0.0,0.0,0.0,0.0,0.0,0.0,0.0,0.0,0.0,0.0,0.0,0.0,0.0,0.0,0.0,0.0,0.0,0.0,0.0,0.0,0.0,0.0,0.0,0.0,0.0,0.0,0.0,0.0,0.0,0.0,0.0,0.0,0.0,0.0,0.0,0.0,0.0,0.0,0.0,0.0,0.0,0.0,0.0,0.0,0.0,0.0,0.0,0.0,0.0,0.0,0.0,0.0,0.0,0.0,0.0,0.0,0.0,0.0,0.0,0.0,0.0,0.0,0.0,0.0,0.0,0.0,0.0,0.0,0.0,0.0,0.14285715,0.0,0.0,0.0,0.0,0.14285715,0.0,0.0,0.0,0.14285715,0.0,0.0,0.21428572,0.0,0.0,0.0,0.0,0.071428575,0.0,0.0,0.0,0.14285715,0.071428575,0.0,0.071428575,0.0,0.0,0.0,0.0,0.0,0.0,0.0,0.0,0.0,0.0,0.0,0.0,0.0,0.0,0.0,0.0,0.0,0.0,0.0,0.0,0.0,0.0,0.0,0.0,0.0,0.0,0.0,0.0,0.0,0.0]
[0.0,0.0,0.0,0.0,0.0,0.0,0.0,0.0,0.0,0.0,0.0,0.0,0.0,0.0,0.0,0.0,0.0,0.0,0.0,0.0,0.0,0.0,0.0,0.0,0.0,0.0,0.0,0.0,0.0,0.0,0.0,0.0,0.0,0.0,0.0,0.0,0.0,0.0,0.0,0.0,0.0,0.0,0.0,0.0,0.0,0.0,0.0,0.0,0.0,0.0,0.0,0.0,0.0,0.0,0.0,0.0,0.0,0.0,0.0,0.0,0.0,0.0,0.0,0.0,0.0,0.0,0.0,0.0,0.0,0.0,0.0,0.125,0.25,0.0,0.25,0.125,0.0,0.0,0.0,0.0,0.0,0.0,0.0,0.0,0.0,0.0,0.0,0.0,0.0,0.0,0.125,0.0,0.0,0.0,0.0,0.0,0.0,0.0,0.125,0.0,0.0,0.0,0.0,0.0,0.0,0.0,0.0,0.0,0.0,0.0,0.0,0.0,0.0,0.0,0.0,0.0,0.0,0.0,0.0,0.0,0.0,0.0,0.0,0.0,0.0,0.0,0.0,0.0]
[0.0,0.0,0.0,0.0,0.0,0.0,0.0,0.0,0.0,0.0,0.0,0.0,0.0,0.0,0.0,0.0,0.0,0.0,0.0,0.0,0.0,0.0,0.0,0.0,0.0,0.0,0.0,0.0,0.0,0.0,0.0,0.0,0.0,0.0,0.0,0.0,0.0,0.0,0.0,0.0,0.0,0.0,0.0,0.0,0.0,0.0,0.0,0.0,0.0,0.0,0.0,0.0,0.0,0.0,0.0,0.0,0.0,0.0,0.0,0.0,0.0,0.0,0.0,0.0,0.0,0.0,0.0,0.0,0.0,0.0,0.0,0.0,0.0,0.0,0.0,0.0,0.0,0.0,0.0,0.0,0.0,0.0,0.0,0.0,0.0,0.0,0.0,0.0,0.0,0.0,0.0,0.0,0.0,0.0,0.0,0.0,0.0,0.0,0.0,0.0,0.0,0.0,0.0,0.0,0.0,0.0,0.0,0.0,0.0,0.0,0.0,0.0,0.0,0.0,0.0,0.0,0.0,0.0,0.0,0.0,0.0,0.0,0.0,0.0,0.0,0.0,0.0,0.0]
[0.0,0.0,0.0,0.0,0.0,0.0,0.0,0.0,0.0,0.0,0.0,0.0,0.0,0.0,0.0,0.0,0.0,0.0,0.0,0.0,0.0,0.0,0.0,0.0,0.0,0.0,0.0,0.0,0.0,0.0,0.0,0.0,0.0,0.0,0.0,0.0,0.0,0.0,0.0,0.0,0.0,0.0,0.0,0.0,0.0,0.0,0.0,0.0,0.0,0.0,0.0,0.0,0.0,0.0,0.0,0.0,0.0,0.0,0.0,0.0,0.0,0.0,0.0,0.0,0.0,0.0,0.0,0.0,0.0,0.0,0.0,0.0,0.0,0.0,0.0,0.0,0.0,0.0,0.0,0.0,0.0,0.0,0.0,0.0,0.0,0.0,0.0,0.0,0.0,0.0,0.0,0.0,0.0,0.0,0.0,0.0,0.0,0.0,0.0,0.0,0.0,0.0,0.0,0.0,0.0,0.0,0.0,0.0,0.0,0.0,0.0,0.0,0.0,0.0,0.0,0.0,0.0,0.0,0.0,0.0,0.0,0.0,0.0,0.0,0.0,0.0,0.0,0.0]
[0.0,0.0,0.0,0.0,0.0,0.0,0.0,0.0,0.0,0.0,0.0,0.0,0.0,0.0,0.0,0.0,0.0,0.0,0.0,0.0,0.0,0.0,0.0,0.0,0.0,0.0,0.0,0.0,0.0,0.0,0.0,0.0,0.0,0.0,0.0,0.0,0.0,0.0,0.0,0.0,0.0,0.0,0.0,0.0,0.0,0.0,0.0,0.0,0.0,0.0,0.0,0.0,0.0,0.0,0.0,0.0,0.0,0.0,0.0,0.0,0.0,0.0,0.0,0.0,0.0,0.0,0.0,0.0,0.0,0.0,0.0,0.0,0.0,0.0,0.0,0.0,0.0,0.0,0.0,0.0,0.0,0.0,0.0,0.0,0.0,0.0,0.0,0.0,0.0,0.0,0.0,0.0,0.0,0.0,0.0,0.0,0.0,0.0,0.0,0.0,0.0,0.0,0.0,0.0,0.0,0.0,0.0,0.0,0.0,0.0,0.0,0.0,0.0,0.0,0.0,0.0,0.0,0.0,0.0,0.0,0.0,0.0,0.0,0.0,0.0,0.0,0.0,0.0]
[0.0,0.0,0.0,0.0,0.0,0.0,0.0,0.0,0.0,0.0,0.0,0.0,0.0,0.0,0.0,0.0,0.0,0.0,0.0,0.0,0.0,0.0,0.0,0.0,0.0,0.0,0.0,0.0,0.0,0.0,0.0,0.0,0.0,0.0,0.0,0.0,0.0,0.0,0.0,0.0,0.0,0.0,0.0,0.0,0.0,0.0,0.0,0.0,0.0,0.0,0.0,0.0,0.0,0.0,0.0,0.0,0.0,0.0,0.0,0.0,0.0,0.0,0.0,0.0,0.0,0.0,0.0,0.0,0.0,0.0,0.0,0.0,0.0,0.0,0.0,0.0,0.0,0.0,0.0,0.0,0.0,0.0,0.0,0.0,0.0,0.0,0.0,0.0,0.0,0.0,0.0,0.0,0.0,0.0,0.0,0.0,0.0,0.0,0.0,0.0,0.0,0.0,0.0,0.0,0.0,0.0,0.0,0.0,0.0,0.0,0.0,0.0,0.0,0.0,0.0,0.0,0.0,0.0,0.0,0.0,0.0,0.0,0.0,0.0,0.0,0.0,0.0,0.0]
[0.0,0.0,0.0,0.0,0.0,0.0,0.0,0.0,0.0,0.0,0.0,0.0,0.0,0.0,0.0,0.0,0.0,0.0,0.0,0.0,0.0,0.0,0.0,0.0,0.0,0.0,0.0,0.0,0.0,0.0,0.0,0.0,0.0,0.0,0.0,0.0,0.0,0.0,0.0,0.0,0.0,0.0,0.0,0.0,0.0,0.0,0.0,0.0,0.0,0.0,0.0,0.0,0.0,0.0,0.0,0.0,0.0,0.0,0.0,0.0,0.0,0.0,0.0,0.0,0.0,0.0,0.0,0.0,0.0,0.0,0.0,0.0,0.0,0.0,0.0,0.0,0.0,0.0,0.0,0.0,0.0,0.0,0.0,0.0,0.0,0.0,0.0,0.0,0.0,0.0,0.0,0.0,0.0,0.0,0.0,0.0,0.0,0.0,0.0,0.0,0.0,0.0,0.0,0.0,0.0,0.0,0.0,0.0,0.0,0.0,0.0,0.0,0.0,0.0,0.0,0.0,0.0,0.0,0.0,0.0,0.0,0.0,0.0,0.0,0.0,0.0,0.0,0.0]
[0.0,0.0,0.0,0.0,0.0,0.0,0.0,0.0,0.0,0.0,0.0,0.0,0.0,0.0,0.0,0.0,0.0,0.0,0.0,0.0,0.0,0.0,0.0,0.0,0.0,0.0,0.0,0.0,0.0,0.0,0.0,0.0,0.0,0.0,0.0,0.0,0.0,0.0,0.0,0.0,0.0,0.0,0.0,0.0,0.0,0.0,0.0,0.0,0.0,0.0,0.0,0.0,0.0,0.0,0.0,0.0,0.0,0.0,0.0,0.0,0.0,0.0,0.0,0.0,0.0,0.0,0.0,0.0,0.0,0.0,0.0,0.0,0.0,0.0,0.0,0.0,0.0,0.0,0.0,0.0,0.0,0.0,0.0,0.0,0.0,0.0,0.0,0.0,0.0,0.0,0.0,0.0,0.0,0.0,0.0,0.0,0.0,0.0,0.0,0.0,0.0,0.0,0.0,0.0,0.0,0.0,0.0,0.0,0.0,0.0,0.0,0.0,0.0,0.0,0.0,0.0,0.0,0.0,0.0,0.0,0.0,0.0,0.0,0.0,0.0,0.0,0.0,0.0]
[0.0,0.0,0.0,0.0,0.0,0.0,0.0,0.0,0.0,0.0,0.0,0.0,0.0,0.0,0.0,0.0,0.0,0.0,0.0,0.0,0.0,0.0,0.0,0.0,0.0,0.0,0.0,0.0,0.0,0.0,0.0,0.0,0.0,0.0,0.0,0.0,0.0,0.0,0.0,0.0,0.0,0.0,0.0,0.0,0.0,0.0,0.0,0.0,0.0,0.0,0.0,0.0,0.0,0.0,0.0,0.0,0.0,0.0,0.0,0.0,0.0,0.0,0.0,0.0,0.0,0.0,0.0,0.0,0.0,0.0,0.0,0.0,0.0,0.0,0.0,0.0,0.0,0.0,0.0,0.0,0.0,0.0,0.0,0.0,0.0,0.0,0.0,0.0,0.0,0.0,0.0,0.0,0.0,0.0,0.0,0.0,0.0,0.0,0.0,0.0,0.0,0.0,0.0,0.0,0.0,0.0,0.0,0.0,0.0,0.0,0.0,0.0,0.0,0.0,0.0,0.0,0.0,0.0,0.0,0.0,0.0,0.0,0.0,0.0,0.0,0.0,0.0,0.0]
[0.0,0.0,0.0,0.0,0.0,0.0,0.0,0.0,0.0,0.0,0.0,0.0,0.0,0.0,0.0,0.0,0.0,0.0,0.0,0.0,0.0,0.0,0.0,0.0,0.0,0.0,0.0,0.0,0.0,0.0,0.0,0.0,0.0,0.0,0.0,0.0,0.0,0.0,0.0,0.0,0.0,0.0,0.0,0.0,0.0,0.0,0.0,0.0,0.0,0.0,0.0,0.0,0.0,0.0,0.0,0.0,0.0,0.0,0.0,0.0,0.0,0.0,0.0,0.0,0.0,0.0,0.0,0.0,0.0,0.0,0.0,0.0,0.0,0.0,0.0,0.0,0.0,0.0,0.0,0.0,0.0,0.0,0.0,0.0,0.0,0.0,0.0,0.0,0.0,0.0,0.0,0.0,0.0,0.0,0.0,0.0,0.0,0.0,0.0,0.0,0.0,0.0,0.0,0.0,0.0,0.0,0.0,0.0,0.0,0.0,0.0,0.0,0.0,0.0,0.0,0.0,0.0,0.0,0.0,0.0,0.0,0.0,0.0,0.0,0.0,0.0,0.0,0.0]
[0.0,0.0,0.0,0.0,0.0,0.0,0.0,0.0,0.0,0.0,0.0,0.0,0.0,0.0,0.0,0.0,0.0,0.0,0.0,0.0,0.0,0.0,0.0,0.0,0.0,0.0,0.0,0.0,0.0,0.0,0.0,0.0,0.0,0.0,0.0,0.0,0.0,0.0,0.0,0.0,0.0,0.0,0.0,0.0,0.0,0.0,0.0,0.0,0.0,0.0,0.0,0.0,0.0,0.0,0.0,0.0,0.0,0.0,0.0,0.0,0.0,0.0,0.0,0.0,0.0,0.0,0.0,0.0,0.0,0.0,0.0,0.0,0.0,0.0,0.0,0.0,0.0,0.0,0.0,0.0,0.0,0.0,0.0,0.0,0.0,0.0,0.0,0.0,0.0,0.0,0.0,0.0,0.0,0.0,0.0,0.0,0.0,0.0,0.0,0.0,0.0,0.0,0.0,0.0,0.0,0.0,0.0,0.0,0.0,0.0,0.0,0.0,0.0,0.0,0.0,0.0,0.0,0.0,0.0,0.0,0.0,0.0,0.0,0.0,0.0,0.0,0.0,0.0]
[0.0,0.0,0.0,0.0,0.0,0.0,0.0,0.0,0.0,0.0,0.0,0.0,0.0,0.0,0.0,0.0,0.0,0.0,0.0,0.0,0.0,0.0,0.0,0.0,0.0,0.0,0.0,0.0,0.0,0.0,0.0,0.0,0.0,0.0,0.0,0.0,0.0,0.0,0.0,0.0,0.0,0.0,0.0,0.0,0.0,0.0,0.0,0.0,0.0,0.0,0.0,0.0,0.0,0.0,0.0,0.0,0.0,0.0,0.0,0.0,0.0,0.0,0.0,0.0,0.0,0.0,0.0,0.0,0.0,0.0,0.0,0.0,0.0,0.0,0.0,0.0,0.0,0.0,0.0,0.0,0.0,0.0,0.0,0.0,0.0,0.0,0.0,0.0,0.0,0.0,0.0,0.0,0.0,0.0,0.0,0.0,0.0,0.0,0.0,0.0,0.0,0.0,0.0,0.0,0.0,0.0,0.0,0.0,0.0,0.0,0.0,0.0,0.0,0.0,0.0,0.0,0.0,0.0,0.0,0.0,0.0,0.0,0.0,0.0,0.0,0.0,0.0,0.0]
[0.0,0.0,0.0,0.0,0.0,0.0,0.0,0.0,0.0,0.0,0.0,0.0,0.0,0.0,0.0,0.0,0.0,0.0,0.0,0.0,0.0,0.0,0.0,0.0,0.0,0.0,0.0,0.0,0.0,0.0,0.0,0.0,0.0,0.0,0.0,0.0,0.0,0.0,0.0,0.0,0.0,0.0,0.0,0.0,0.0,0.0,0.0,0.0,0.0,0.0,0.0,0.0,0.0,0.0,0.0,0.0,0.0,0.0,0.0,0.0,0.0,0.0,0.0,0.0,0.0,0.0,0.0,0.0,0.0,0.0,0.0,0.0,0.0,0.0,0.0,0.0,0.0,0.0,0.0,0.0,0.0,0.0,0.0,0.0,0.0,0.0,0.0,0.0,0.0,0.0,0.0,0.0,0.0,0.0,0.0,0.0,0.0,0.0,0.0,0.0,0.0,0.0,0.0,0.0,0.0,0.0,0.0,0.0,0.0,0.0,0.0,0.0,0.0,0.0,0.0,0.0,0.0,0.0,0.0,0.0,0.0,0.0,0.0,0.0,0.0,0.0,0.0,0.0]
[0.0,0.0,0.0,0.0,0.0,0.0,0.0,0.0,0.0,0.0,0.0,0.0,0.0,0.0,0.0,0.0,0.0,0.0,0.0,0.0,0.0,0.0,0.0,0.0,0.0,0.0,0.0,0.0,0.0,0.0,0.0,0.0,0.0,0.0,0.0,0.0,0.0,0.0,0.0,0.0,0.0,0.0,0.0,0.0,0.0,0.0,0.0,0.0,0.0,0.0,0.0,0.0,0.0,0.0,0.0,0.0,0.0,0.0,0.0,0.0,0.0,0.0,0.0,0.0,0.0,0.0,0.0,0.0,0.0,0.0,0.0,0.0,0.0,0.0,0.0,0.0,0.0,0.0,0.0,0.0,0.0,0.0,0.0,0.0,0.0,0.0,0.0,0.0,0.0,0.0,0.0,0.0,0.0,0.0,0.0,0.0,0.0,0.0,0.0,0.0,0.0,0.0,0.0,0.0,0.0,0.0,0.0,0.0,0.0,0.0,0.0,0.0,0.0,0.0,0.0,0.0,0.0,0.0,0.0,0.0,0.0,0.0,0.0,0.0,0.0,0.0,0.0,0.0]
[0.0,0.0,0.0,0.0,0.0,0.0,0.0,0.0,0.0,0.0,0.0,0.0,0.0,0.0,0.0,0.0,0.0,0.0,0.0,0.0,0.0,0.0,0.0,0.0,0.0,0.0,0.0,0.0,0.0,0.0,0.0,0.0,0.0,0.0,0.0,0.0,0.0,0.0,0.0,0.0,0.0,0.0,0.0,0.0,0.0,0.0,0.0,0.0,0.0,0.0,0.0,0.0,0.0,0.0,0.0,0.0,0.0,0.0,0.0,0.0,0.0,0.0,0.0,0.0,0.0,0.0,0.0,0.0,0.0,0.0,0.0,0.0,0.0,0.0,0.0,0.0,0.0,0.0,0.0,0.0,0.0,0.0,0.0,0.0,0.0,0.0,0.0,0.0,0.0,0.0,0.0,0.0,0.0,0.0,0.0,0.0,0.0,0.0,0.0,0.0,0.0,0.0,0.0,0.0,0.0,0.0,0.0,0.0,0.0,0.0,0.0,0.0,0.0,0.0,0.0,0.0,0.0,0.0,0.0,0.0,0.0,0.0,0.0,0.0,0.0,0.0,0.0,0.0]
[0.0,0.0,0.0,0.0,0.0,0.0,0.0,0.0,0.0,0.0,0.0,0.0,0.0,0.0,0.0,0.0,0.0,0.0,0.0,0.0,0.0,0.0,0.0,0.0,0.0,0.0,0.0,0.0,0.0,0.0,0.0,0.0,0.0,0.0,0.0,0.0,0.0,0.0,0.0,0.0,0.0,0.0,0.0,0.0,0.0,0.0,0.0,0.0,0.0,0.0,0.0,0.0,0.0,0.0,0.0,0.0,0.0,0.0,0.0,0.0,0.0,0.0,0.0,0.0,0.0,0.0,0.0,0.0,0.0,0.0,0.0,0.0,0.0,0.0,0.0,0.0,0.0,0.0,0.0,0.0,0.0,0.0,0.0,0.0,0.0,0.0,0.0,0.0,0.0,0.0,0.0,0.0,0.0,0.0,0.0,0.0,0.0,0.0,0.0,0.0,0.0,0.0,0.0,0.0,0.0,0.0,0.0,0.0,0.0,0.0,0.0,0.0,0.0,0.0,0.0,0.0,0.0,0.0,0.0,0.0,0.0,0.0,0.0,0.0,0.0,0.0,0.0,0.0]
[0.0,0.0,0.0,0.0,0.0,0.0,0.0,0.0,0.0,0.0,0.0,0.0,0.0,0.0,0.0,0.0,0.0,0.0,0.0,0.0,0.0,0.0,0.0,0.0,0.0,0.0,0.0,0.0,0.0,0.0,0.0,0.0,0.0,0.0,0.0,0.0,0.0,0.0,0.0,0.0,0.0,0.0,0.0,0.0,0.0,0.0,0.0,0.0,0.0,0.0,0.0,0.0,0.0,0.0,0.0,0.0,0.0,0.0,0.0,0.0,0.0,0.0,0.0,0.0,0.0,0.0,0.0,0.0,0.0,0.0,0.0,0.0,0.0,0.0,0.0,0.0,0.0,0.0,0.0,0.0,0.0,0.0,0.0,0.0,0.0,0.0,0.0,0.0,0.0,0.0,0.0,0.0,0.0,0.0,0.0,0.0,0.0,0.0,0.0,0.0,0.0,0.0,0.0,0.0,0.0,0.0,0.0,0.0,0.0,0.0,0.0,0.0,0.0,0.0,0.0,0.0,0.0,0.0,0.0,0.0,0.0,0.0,0.0,0.0,0.0,0.0,0.0,0.0]
[0.0,0.0,0.0,0.0,0.0,0.0,0.0,0.0,0.0,0.0,0.0,0.0,0.0,0.0,0.0,0.0,0.0,0.0,0.0,0.0,0.0,0.0,0.0,0.0,0.0,0.0,0.0,0.0,0.0,0.0,0.0,0.0,0.0,0.0,0.0,0.0,0.0,0.0,0.0,0.0,0.0,0.0,0.0,0.0,0.0,0.0,0.0,0.0,0.0,0.0,0.0,0.0,0.0,0.0,0.0,0.0,0.0,0.0,0.0,0.0,0.0,0.0,0.0,0.0,0.0,0.0,0.0,0.0,0.0,0.0,0.0,0.0,0.0,0.0,0.0,0.0,0.0,0.0,0.0,0.0,0.0,0.0,0.0,0.0,0.0,0.0,0.0,0.0,0.0,0.0,0.0,0.0,0.0,0.0,0.0,0.0,0.0,0.0,0.0,0.0,0.0,0.0,0.0,0.0,0.0,0.0,0.0,0.0,0.0,0.0,0.0,0.0,0.0,0.0,0.0,0.0,0.0,0.0,0.0,0.0,0.0,0.0,0.0,0.0,0.0,0.0,0.0,0.0]
[0.0,0.0,0.0,0.0,0.0,0.0,0.0,0.0,0.0,0.0,0.0,0.0,0.0,0.0,0.0,0.0,0.0,0.0,0.0,0.0,0.0,0.0,0.0,0.0,0.0,0.0,0.0,0.0,0.0,0.0,0.0,0.0,0.0,0.0,0.0,0.0,0.0,0.0,0.0,0.0,0.0,0.0,0.0,0.0,0.0,0.0,0.0,0.0,0.0,0.0,0.0,0.0,0.0,0.0,0.0,0.0,0.0,0.0,0.0,0.0,0.0,0.0,0.0,0.0,0.0,0.0,0.0,0.0,0.0,0.0,0.0,0.0,0.0,0.0,0.0,0.0,0.0,0.0,0.0,0.0,0.0,0.0,0.0,0.0,0.0,0.0,0.0,0.0,0.0,0.0,0.0,0.0,0.0,0.0,0.0,0.0,0.0,0.0,0.0,0.0,0.0,0.0,0.0,0.0,0.0,0.0,0.0,0.0,0.0,0.0,0.0,0.0,0.0,0.0,0.0,0.0,0.0,0.0,0.0,0.0,0.0,0.0,0.0,0.0,0.0,0.0,0.0,0.0]
[0.0,0.0,0.0,0.0,0.0,0.0,0.0,0.0,0.0,0.0,0.0,0.0,0.0,0.0,0.0,0.0,0.0,0.0,0.0,0.0,0.0,0.0,0.0,0.0,0.0,0.0,0.0,0.0,0.0,0.0,0.0,0.0,0.0,0.0,0.0,0.0,0.0,0.0,0.0,0.0,0.0,0.0,0.0,0.0,0.0,0.0,0.0,0.0,0.0,0.0,0.0,0.0,0.0,0.0,0.0,0.0,0.0,0.0,0.0,0.0,0.0,0.0,0.0,0.0,0.0,0.0,0.0,0.0,0.0,0.0,0.0,0.0,0.0,0.0,0.0,0.0,0.0,0.0,0.0,0.0,0.0,0.0,0.0,0.0,0.0,0.0,0.0,0.0,0.0,0.0,0.0,0.0,0.0,0.0,0.0,0.0,0.0,0.0,0.0,0.0,0.0,0.0,0.0,0.0,0.0,0.0,0.0,0.0,0.0,0.0,0.0,0.0,0.0,0.0,0.0,0.0,0.0,0.0,0.0,0.0,0.0,0.0,0.0,0.0,0.0,0.0,0.0,0.0]
[0.0,0.0,0.0,0.0,0.0,0.0,0.0,0.0,0.0,0.0,0.0,0.0,0.0,0.0,0.0,0.0,0.0,0.0,0.0,0.0,0.0,0.0,0.0,0.0,0.0,0.0,0.0,0.0,0.0,0.0,0.0,0.0,0.0,0.0,0.0,0.0,0.0,0.0,0.0,0.0,0.0,0.0,0.0,0.0,0.0,0.0,0.0,0.0,0.0,0.0,0.0,0.0,0.0,0.0,0.0,0.0,0.0,0.0,0.0,0.0,0.0,0.0,0.0,0.0,0.0,0.0,0.0,0.0,0.0,0.0,0.0,0.0,0.0,0.0,0.0,0.0,0.0,0.0,0.0,0.0,0.0,0.0,0.0,0.0,0.0,0.0,0.0,0.0,0.0,0.0,0.0,0.0,0.0,0.0,0.0,0.0,0.0,0.0,0.0,0.0,0.0,0.0,0.0,0.0,0.0,0.0,0.0,0.0,0.0,0.0,0.0,0.0,0.0,0.0,0.0,0.0,0.0,0.0,0.0,0.0,0.0,0.0,0.0,0.0,0.0,0.0,0.0,0.0]
[0.0,0.0,0.0,0.0,0.0,0.0,0.0,0.0,0.0,0.0,0.0,0.0,0.0,0.0,0.0,0.0,0.0,0.0,0.0,0.0,0.0,0.0,0.0,0.0,0.0,0.0,0.0,0.0,0.0,0.0,0.0,0.0,0.0,0.0,0.0,0.0,0.0,0.0,0.0,0.0,0.0,0.0,0.0,0.0,0.0,0.0,0.0,0.0,0.0,0.0,0.0,0.0,0.0,0.0,0.0,0.0,0.0,0.0,0.0,0.0,0.0,0.0,0.0,0.0,0.0,0.0,0.0,0.0,0.0,0.0,0.0,0.0,0.0,0.0,0.0,0.0,0.0,0.0,0.0,0.0,0.0,0.0,0.0,0.0,0.0,0.0,0.0,0.0,0.0,0.0,0.0,0.0,0.0,0.0,0.0,0.0,0.0,0.0,0.0,0.0,0.0,0.0,0.0,0.0,0.0,0.0,0.0,0.0,0.0,0.0,0.0,0.0,0.0,0.0,0.0,0.0,0.0,0.0,0.0,0.0,0.0,0.0,0.0,0.0,0.0,0.0,0.0,0.0]
[0.0,0.0,0.0,0.0,0.0,0.0,0.0,0.0,0.0,0.0,0.0,0.0,0.0,0.0,0.0,0.0,0.0,0.0,0.0,0.0,0.0,0.0,0.0,0.0,0.0,0.0,0.0,0.0,0.0,0.0,0.0,0.0,0.0,0.0,0.0,0.0,0.0,0.0,0.0,0.0,0.0,0.0,0.0,0.0,0.0,0.0,0.0,0.0,0.0,0.0,0.0,0.0,0.0,0.0,0.0,0.0,0.0,0.0,0.0,0.0,0.0,0.0,0.0,0.0,0.0,0.0,0.0,0.0,0.0,0.0,0.0,0.0,0.0,0.0,0.0,0.0,0.0,0.0,0.0,0.0,0.0,0.0,0.0,0.0,0.0,0.0,0.0,0.0,0.0,0.0,0.0,0.0,0.0,0.0,0.0,0.0,0.0,0.0,0.0,0.0,0.0,0.0,0.0,0.0,0.0,0.0,0.0,0.0,0.0,0.0,0.0,0.0,0.0,0.0,0.0,0.0,0.0,0.0,0.0,0.0,0.0,0.0,0.0,0.0,0.0,0.0,0.0,0.0]
[0.0,0.0,0.0,0.0,0.0,0.0,0.0,0.0,0.0,0.0,0.0,0.0,0.0,0.0,0.0,0.0,0.0,0.0,0.0,0.0,0.0,0.0,0.0,0.0,0.0,0.0,0.0,0.0,0.0,0.0,0.0,0.0,0.0,0.0,0.0,0.0,0.0,0.0,0.0,0.0,0.0,0.0,0.0,0.0,0.0,0.0,0.0,0.0,0.0,0.0,0.0,0.0,0.0,0.0,0.0,0.0,0.0,0.0,0.0,0.0,0.0,0.0,0.0,0.0,0.0,0.0,0.0,0.0,0.0,0.0,0.0,0.0,0.0,0.0,0.0,0.0,0.0,0.0,0.0,0.0,0.0,0.0,0.0,0.0,0.0,0.0,0.0,0.0,0.0,0.0,0.0,0.0,0.0,0.0,0.0,0.0,0.0,0.0,0.0,0.0,0.0,0.0,0.0,0.0,0.0,0.0,0.0,0.0,0.0,0.0,0.0,0.0,0.0,0.0,0.0,0.0,0.0,0.0,0.0,0.0,0.0,0.0,0.0,0.0,0.0,0.0,0.0,0.0]
[0.0,0.0,0.0,0.0,0.0,0.0,0.0,0.0,0.0,0.0,0.0,0.0,0.0,0.0,0.0,0.0,0.0,0.0,0.0,0.0,0.0,0.0,0.0,0.0,0.0,0.0,0.0,0.0,0.0,0.0,0.0,0.0,0.0,0.0,0.0,0.0,0.0,0.0,0.0,0.0,0.0,0.0,0.0,0.0,0.0,0.0,0.0,0.0,0.0,0.0,0.0,0.0,0.0,0.0,0.0,0.0,0.0,0.0,0.0,0.0,0.0,0.0,0.0,0.0,0.0,0.0,0.0,0.0,0.0,0.0,0.0,0.0,0.0,0.0,0.0,0.0,0.0,0.0,0.0,0.0,0.0,0.0,0.0,0.0,0.0,0.0,0.0,0.0,0.0,0.0,0.0,0.0,0.0,0.0,0.0,0.0,0.0,0.0,0.0,0.0,0.0,0.0,0.0,0.0,0.0,0.0,0.0,0.0,0.0,0.0,0.0,0.0,0.0,0.0,0.0,0.0,0.0,0.0,0.0,0.0,0.0,0.0,0.0,0.0,0.0,0.0,0.0,0.0]
[0.0,0.0,0.0,0.0,0.0,0.0,0.0,0.0,0.0,0.0,0.0,0.0,0.0,0.0,0.0,0.0,0.0,0.0,0.0,0.0,0.0,0.0,0.0,0.0,0.0,0.0,0.0,0.0,0.0,0.0,0.0,0.0,0.0,0.0,0.0,0.0,0.0,0.0,0.0,0.0,0.0,0.0,0.0,0.0,0.0,0.0,0.0,0.0,0.0,0.0,0.0,0.0,0.0,0.0,0.0,0.0,0.0,0.0,0.0,0.0,0.0,0.0,0.0,0.0,0.0,0.0,0.0,0.0,0.0,0.0,0.0,0.0,0.0,0.0,0.0,0.0,0.0,0.0,0.0,0.0,0.0,0.0,0.0,0.0,0.0,0.0,0.0,0.0,0.0,0.0,0.0,0.0,0.0,0.0,0.0,0.0,0.0,0.0,0.0,0.0,0.0,0.0,0.0,0.0,0.0,0.0,0.0,0.0,0.0,0.0,0.0,0.0,0.0,0.0,0.0,0.0,0.0,0.0,0.0,0.0,0.0,0.0,0.0,0.0,0.0,0.0,0.0,0.0]
